PDF URL: https://www.emsc.meti.go.jp/info/public/pdf/20220815002a.pdf

                       
 
 
1 
 
 
令和４ 年８月１５日 
経済産業省  電力・ガス取引監視等委員 会 
 
電力取引 の状況（令和 ４年５月分） 
 
 
  当委員会は、 平成２８年４ 月から電力取引の監視に必要な情報について、電気事
業者及び卸電力取引所より定 期的に情報収集を行って おり、今般、令和４年５月分
の販売電力量等の実績について結果を公表します。  
 
※１ 令和４年８月２日時点に おける報告を集計。今後、事業者から修正の申請等があった場合、随時
訂正する予定。  
※２ 電力取引報では、集計において事業者の過度の負担を 避けるため、販売電力量と販売額につい
てN－１月検針日から N月検針日前日までの実績を N月分として計上 することを認め ており、大
宗の企業は検針 日までの実績を報告しているため 、実際の N月需要に対する実績とは一致しな
い。 
※３ 新電力とは、みなし小売電気事業者（旧一般電気事業者）以外の小売電気業者を指す。  
※４ 自由料金メニューには、平成２８年３月末時点における旧選択約款に基づく電力供給実績を含
む。 
※５ 規制料金 メニューの販売実績については、電力調査統計から数値を記載。  
※６ 合計・新電力シェアは その他需要を含めず算出。  
※７ その他需要は、建設工事用電力と事業用電力の合計値であり、事業用電力は自社の設備及び
営業所のために供給する電力量を含む。  
 
 
（１）販売電力量について  
  電気事業者の販売電力量の 合計は５９６．１億kWh（内訳は、特別高圧： １７８．６
億kWh、高圧：２１０．１億kWh、低圧：２０７．４億kWh［低圧電灯 ：１８４．９億kWh、低
圧電力２２．６億kWh］）、その他需要 は０．８億kWhであった。 
  このうち、新電力の販売電力量の 合計は１１６．５億kWh（内訳は、特別高圧 １５．
０億kWh、高圧：５１．６億kWh、低圧：４９．９億kWh［低圧電灯： ４５．９億kWh、低圧電
力：４．０億kWh］）、その他需要 は０．５億kWhであり、販売電 力量全体に占めるシェ
アは約１９．５％（特別高圧：８．４％、高圧： ２４．６％、低圧：２４．１％［低圧電灯： ２４．
９％、低圧電力： １７．７％］）であった。 また、みなし小売電気事業者１０社の 販売電力【主な指標】  
○全体の販売電力量        ５９６億kWh（対前年同月比   ９億kWh減） 
○新電力シェア  
販売電力量ベース    １９．６％（対前年同月 比  １．０pt減） 
      販売額ベース      ２１．７％（対前年同月比   ０．２pt減） 
      契約口数ベース     ２２．２％（対前 年同月比  ３．０pt増） 
        ※低圧のみ      ２２．２％（対前 年同月比    ３．１pt増） 
 
                       
 
 
2 
 
量（低圧）に占める 自由料金メニューの 平均割合は、約５４．８％[低圧電灯：５６．４％、
低圧電力：４２．７％]となっている。  
全体として、 販売電力 量（低圧）に占める自由料金メ ニューの割合は、 約６５．８％
[低圧電灯： ６７．３％、低圧電力： ５３．４％]となっている。  
 
 
【表１】小売電気事業者 （新電力とみなし小売電気事業者 の総計）の販売電力量（エリ
ア別）  
電灯 電力
北海道 270,008 910,937 961,764 843,673 118,092 2,142,710 2,521
東北 1,564,498 2,157,404 1,936,061 1,708,617 227,444 5,657,962 2,147
東京 5,529,763 6,629,355 6,683,813 6,020,448 663,365 18,842,931 2,370
中部 3,115,224 3,232,292 2,652,922 2,326,090 326,832 9,000,437 5,261
北陸 567,045 771,348 648,784 578,045 70,739 1,987,177 1,631
関西 3,277,420 3,070,459 3,304,104 2,994,061 310,043 9,651,983 37,624
中国 1,465,537 1,258,014 1,288,106 1,171,739 116,367 4,011,657 10,677
四国 402,604 729,434 721,729 629,421 92,308 1,853,767 5,116
九州 1,568,663 2,056,473 2,304,798 2,003,060 301,738 5,929,935 12,421
沖縄 103,809 193,734 238,816 210,527 28,290 536,359 508
全国計 17,864,572 21,009,449 20,740,897 18,485,679 2,255,218 59,614,918 80,277販売電力量  合計(単位：MWh）
供給
区域特別高圧 高圧 低圧計 合計 その他需要
 
 
 
【表２】新電力の 販売電力量（エリア別）  
電灯 電力
北海道 18,174 199,420 208,352 194,237 14,116 425,947 1,328
東北 91,271 418,672 303,708 275,763 27,945 813,650 1,090
東京 961,428 2,353,094 2,282,565 2,145,219 137,346 5,597,087 2,370
中部 61,667 653,363 535,148 490,959 44,189 1,250,177 4,814
北陸 15,750 150,683 39,639 33,225 6,414 206,072 111
関西 258,667 690,039 972,735 887,807 84,928 1,921,441 32,709
中国 57,525 274,204 152,465 129,869 22,596 484,194 1,396
四国 13,253 120,134 96,880 83,123 13,757 230,267 393
九州 21,163 269,051 371,150 326,245 44,905 661,365 6,019
沖縄 2,682 28,767 30,323 27,393 2,931 61,772 0
全国計 1,501,581 5,157,426 4,992,965 4,593,838 399,127 11,651,972 50,231新電力  合計(単位：MWh）
供給
区域特別高圧 高圧 低圧計 合計 その他需要
 
 
 
 
 
 
 
 
                       
 
 
3 
 
【表３】みなし小売電気事業者の 販売電力量（エリア別）  
電灯 電力
北海道 251,834 711,517 753,412 649,436 103,976 1,716,763 1,193
東北 1,473,227 1,738,732 1,632,353 1,432,854 199,499 4,844,312 1,057
東京 4,568,335 4,276,261 4,401,248 3,875,229 526,019 13,245,844 0
中部 3,053,557 2,578,929 2,117,774 1,835,131 282,643 7,750,260 447
北陸 551,295 620,665 609,145 544,820 64,325 1,781,105 1,520
関西 3,018,753 2,380,420 2,331,369 2,106,254 225,115 7,730,542 4,915
中国 1,408,012 983,810 1,135,641 1,041,870 93,771 3,527,463 9,281
四国 389,351 609,300 624,849 546,298 78,551 1,623,500 4,723
九州 1,547,500 1,787,422 1,933,648 1,676,815 256,833 5,268,570 6,402
沖縄 101,127 164,967 208,493 183,134 25,359 474,587 508
全国計 16,362,991 15,852,023 15,747,932 13,891,841 1,856,091 47,962,946 30,046みなし小売電気事業者  合計(単位：MWh）
供給
区域特別高圧 高圧 低圧計 合計 その他需要
 
※８ みなし小売電気事業者の 旧供給エリア外 の販売実績を含む 。 
 
 
【表４】みなし小売電気事業 者別の旧供給区域 における販売電力量 （低圧）に占める
自由料金メニューの割合  
北海道電力 東北電力
電灯 電力 電灯 電力
403,137 344,284 58,853 850,514 706,417 144,097
349,656 304,535 45,121 781,267 725,895 55,372
752,793 648,819 103,974 1,631,781 1,432,312 199,469
46.4% 46.9% 43.4% 47.9% 50.7% 27.8%
東京電力 中部電力 北陸電力
電灯 電力 電灯 電力 電灯 電力
2,437,687 2,132,900 304,787 745,558 665,455 80,103 179,689 148,930 30,759
1,925,818 1,716,983 208,835 1,364,951 1,162,809 202,142 429,294 395,746 33,548
4,363,505 3,849,883 513,622 2,110,509 1,828,264 282,245 608,983 544,676 64,307
44.1% 44.6% 40.7% 64.7% 63.6% 71.6% 70.5% 72.7% 52.2%
関西電力 中国電力 四国電力
電灯 電力 電灯 電力 電灯 電力
1,010,857 850,838 160,019 341,116 283,945 57,171 222,400 188,903 33,497
1,299,388 1,238,913 60,475 791,827 755,285 36,542 401,010 356,067 44,943
2,310,245 2,089,751 220,494 1,132,943 1,039,230 93,713 623,410 544,970 78,440
56.2% 59.3% 27.4% 69.9% 72.7% 39.0% 64.3% 65.3% 57.3%
九州電力 沖縄電力 合計
電灯 電力 電灯 電力 電灯 電力
772,009 602,664 169,345 111,989 111,989 - 7,074,956 6,036,325 1,038,631
1,160,460 1,073,047 87,413 71,145 71,145 - 8,574,816 7,800,425 774,391
1,932,469 1,675,711 256,758 183,134 183,134 - 15,649,772 13,836,750 1,813,022
60.1% 64.0% 34.0% 38.8% 38.8% - 54.8% 56.4% 42.7%供給種別 低圧計 低圧計
販売
電力量
(単位:MWh)規制料金
自由料金
合計
自由/合計
低圧計 低圧計 低圧計低圧計 低圧計 低圧計
低圧計 低圧計 低圧計
 
 
 
 
 
 
                       
 
 
4 
 
【表５】旧供給区域 における販売電力量（低圧）に占める自由料金メニューの割合  
供給区域 北海道 東北
電灯 電力 電灯 電力
403,137 344,284 58,853 850,514 706,417 144,097
558,627 499,389 59,239 1,085,547 1,002,200 83,347
961,764 843,673 118,092 1,936,061 1,708,617 227,444
58.1% 59.2% 50.2% 56.1% 58.7% 36.6%
東京 中部 北陸
電灯 電力 電灯 電力 電灯 電力
2,437,687 2,132,900 304,787 745,558 665,455 80,103 179,689 148,930 30,759
4,246,126 3,887,548 358,578 1,907,364 1,660,635 246,729 469,095 429,115 39,980
6,683,813 6,020,448 663,365 2,652,922 2,326,090 326,832 648,784 578,045 70,739
63.5% 64.6% 54.1% 71.9% 71.4% 75.5% 72.3% 74.2% 56.5%
関西 中国 四国
電灯 電力 電灯 電力 電灯 電力
1,010,857 850,838 160,019 341,116 283,945 57,171 222,400 188,903 33,497
2,293,247 2,143,223 150,024 946,990 887,794 59,196 499,329 440,518 58,811
3,304,104 2,994,061 310,043 1,288,106 1,171,739 116,367 721,729 629,421 92,308
69.4% 71.6% 48.4% 73.5% 75.8% 50.9% 69.2% 70.0% 63.7%
九州 沖縄 合計
電灯 電力 電灯 電力 電灯 電力
772,009 602,664 169,345 111,989 111,989 - 7,074,956 6,036,325 1,038,631
1,532,789 1,400,396 132,393 98,538 98,538 - 13,637,652 12,449,354 1,188,298
2,304,798 2,003,060 301,738 210,527 210,527 - 20,712,608 18,485,679 2,226,929
66.5% 69.9% 43.9% 46.8% 46.8% - 65.8% 67.3% 53.4%低圧計
低圧計 低圧計 低圧計
低圧計 低圧計 低圧計販売
電力量
(単位:MWh)規制料金
自由料金
合計
自由/合計
低圧計供給種別 低圧計 低圧計
低圧計
 
 
 
（２）販売額について 
電気事業者の販売額の合計 は１兆２,１６４．６億円であった （内訳は、特別高圧 ：２,
７３９．８億円、高圧： ３,９９４．８億円、低圧：５,４３０．０億円［低圧電灯 ：４,７１３．１億
円、低圧電力： ７１６．９億円］）。 
  このうち、新電力の販売額の合計 は２,６４０．６億円（内訳は、特別高圧： ２５４．８
億円、高圧：１,０２２．４億円、低圧：１,３６３．４億円［低圧電灯 １,２２１．４億円、低圧電
力：１４２．０億円］）であり、販売 額全体に占めるシェアは 約２１．７％（特別高圧： ９．
３％、高圧：２ ５．６％、低圧：２５．１％［低圧電灯：２５．９％、低圧電力： １９．８％］）で
あった。  
  また、みなし小売電 気事業者１０社 の販売額（低圧）に占める自由料金メニューの
平均割合は、 約５０．３％[低圧電灯：５３．０％、低圧電力：３３．７％]となっている。  
 
 
                       
 
 
5 
 
【表６】小売電気事業者 （新電力とみなし小売電気事業者の総計） の販売額（エリア
別） 
電灯 電力
北海道 4,474,336 18,873,169 27,011,453 23,533,330 3,478,123 50,358,958
東北 23,903,699 43,014,911 53,300,617 45,978,836 7,321,781 120,219,227
東京 93,676,438 133,862,583 188,081,000 165,826,515 22,254,485 415,620,021
中部 49,547,646 61,975,218 71,966,070 61,505,426 10,460,644 183,488,934
北陸 7,258,461 13,065,323 14,513,476 12,496,509 2,016,967 34,837,261
関西 47,264,538 55,366,354 77,547,061 67,818,379 9,728,682 180,177,953
中国 21,515,779 23,452,559 32,028,454 28,091,411 3,937,043 76,996,792
四国 5,502,029 13,003,152 17,821,480 14,906,169 2,915,311 36,326,661
九州 18,874,602 32,561,622 54,100,692 45,442,282 8,658,410 105,536,916
沖縄 1,966,316 4,309,987 6,624,983 5,708,653 916,331 12,901,286
全国計 273,983,843 399,484,879 542,995,287 471,307,509 71,687,777 1,216,464,009販売額　合計（単位：千円）
供給
区域特別高圧 高圧 合計 低圧計
 
 
 
【表７】新電力の 販売額（全国 ） 
電灯 電力
全国 25,479,232 102,243,736 136,337,092 122,139,469 14,197,622 264,060,060新電力　合計（単位：千円）
供給区域 特別高圧 高圧 合計 低圧計
 
 
 
【表８】みなし小売電気事業者 の販売額（全国）  
電灯 電力
全国 248,504,611 297,241,143 406,658,195 349,168,040 57,490,155 952,403,949みなし小売電気事業者　合計（単位：千円）
供給区域 特別高圧 高圧 合計 低圧計
 
※９ みなし小売電気事業者の 旧供給エリア 外の販売 実績を含む。  
 
 
【表９】みなし小売電気事 業者の旧供給区域 における販売額（低圧）に占める自由料
金メニューの割合 （全国）  
低圧電灯 低圧電力
規制料金 200,674,255 163,385,673 37,288,582
自由料金 203,357,878 184,378,451 18,979,427
合計 404,032,133 347,764,124 56,268,009
自由/合計 50.3% 53.0% 33.7%全国合計
供給種別 低圧計
販売額
（単位：千円）
 
※１０  沖縄の低圧電力を除く。  
 
 
                       
 
 
6 
 
（３）契約口数について  
小売電気事業者の契約口数の合計は ８,９４１．０万口であった（内訳は、特別高
圧：１．１万口、高圧：８３．７万口、低圧：８ ,８５６．２万口［低圧電灯：８ ,２４４．８万口、
低圧電力：６ １１．４万口］）。 
  このうち、新電力の契約口数の合計 は１,９８８．８万口（内訳は、特別高圧：０ ．２万
口、高圧：２３．８万口、低圧：１,９６４．７万口［低圧電灯：１,８６９．９万口、低圧電力：
９４．９万口］）であり、契約口数 全体に占めるシェアは 約２２．２％（特別高圧：１ ７．
１％、高圧： ２８．５％、低圧：２２．２％［低圧電灯：２ ２．７％、低圧電力：１ ５．５％］）で
あった。  
  また、みなし小売電気事業者１０社の、契約口数（低圧）に占める自由料金メニュ
ーの平均割合 は、約３１．８％[低圧電灯：３１．９％、低圧電力：３０．７％]となってい
る。 
 
 
【表１０】小売電気事業者 （新電力とみなし小 売電気事業者の総計） の契約口数 （エリ
ア別）  
電灯 電力
北海道 263 39,194 3,940,946 3,683,166 257,780 3,980,403
東北 1,024 84,115 7,873,137 7,187,941 685,196 7,958,276
東京 4,147 262,324 30,946,495 29,172,888 1,773,607 31,212,966
中部 1,452 120,343 11,108,542 10,238,812 869,730 11,230,337
北陸 227 25,103 2,167,948 1,984,779 183,169 2,193,278
関西 2,196 130,298 14,173,834 13,275,127 898,707 14,306,328
中国 750 55,517 5,402,232 5,032,629 369,603 5,458,499
四国 196 31,199 2,925,421 2,646,338 279,083 2,956,816
九州 884 82,693 9,142,538 8,390,995 751,543 9,226,115
沖縄 104 5,849 880,871 835,024 45,847 886,824
全国計 11,243 836,635 88,561,964 82,447,699 6,114,265 89,409,842契約口数　合計（単位：件）
供給
区域特別高圧 高圧 合計 低圧計
 
 
 
【表１１】新電力の契約口数 （全国）  
電灯 電力
全国 1,920 238,124 19,647,459 18,698,852 948,607 19,887,503新電力　合計（単位：件）
供給区域 特別高圧 高圧 合計 低圧計
 
 
 
【表１２】みなし小売電気事業者の 契約口数 （全国）  
電灯 電力
全国 9,323 598,511 68,914,505 63,748,847 5,165,658 69,522,339みなし小売電気事業者　合計（単位：件）
供給区域 特別高圧 高圧 合計 低圧計
 
※１１ みなし小売電気事業者の 旧供給エリア 外の販売実績を含む。  
                       
 
 
7 
 
【表１３】みなし小売電気事 業者の旧供給区域 における契約口数 （低圧）に占める 自
由料金メニューの 割合（全国）  
低圧電灯 低圧電力
規制料金 46,793,030 43,248,560 3,544,470
自由料金 21,833,972 20,264,883 1,569,089
合計 68,627,002 63,513,443 5,113,559
自由/合計 31.8% 31.9% 30.7%全国合計
供給種別 低圧計
契約口数
（単位：件）
 
※１２ 沖縄の低圧電力を除く。  
 
 
（４）スイッチング の状況（低圧）について  
  月間スイッチング件数 は５２．２万件（内訳は、一般送配電事業者の供給区 域のみ
なし小売電気事業者から新電力等への変更 件数：２４．６万件、新電力 等から一般送
配電事業者の供給区域の みなし小売電気事業者 への変更件数： ９．４万件、新電力
等間の変更件数： １８．２万件）、みなし小売電気事業者 の規制料金メニューから 自由
料金メニューへの変更 （社内変更） は６．６万件であった。  
また、平成２８年４月からの累積スイッチング件数は２ ,４８２．４万件（内訳は、一般
送配電事業者の供給区域のみなし小売電気事業者から新電力等への変更件数 ：１,
９７５．８万件、新電力等から一般送配電事 業者の供給区域のみなし小売電気 事業
者への変更件数：１４５．６万件、新電力等間の変 更件数：３６１．０万件）、みなし小売
電気事業者の規制料金メニューから自由料金メニューへの変更（社内変更）は ９７３．
３万件であった。  
 
※１３  新電力等：域外に供給しているみなし小 売事電気業者を含む。  
 
 
【表１４】小売電気事業者の月間スイッチング実績                （単位：件）  
変更内容みなし小売電気事業者
から新電力等
への変更新電力等から
みなし小売電気事業者
への変更新電力等から
新電力等への変更月間スイッチング
件数合計みなし小売電気事業者
の規制料金から自由
料金への変更
北海道 8,827 4,343 3,069 16,239 3,989
東北 19,646 9,838 20,361 49,845 7,638
東京 85,297 28,227 83,848 197,372 15,257
中部 32,131 11,238 15,218 58,587 5,760
北陸 5,659 1,105 1,016 7,780 1,939
関西 40,502 14,386 32,377 87,265 9,692
中国 14,622 8,221 10,459 33,302 3,043
四国 6,774 2,839 3,253 12,866 6,439
九州 28,540 13,340 12,459 54,339 6,957
沖縄 3,516 668 189 4,373 5,114
合計 245,514 94,205 182,249 521,968 65,828
 
 
 
 
 
                       
 
 
8 
 
【表１５】平成２８年４月以降の累積スイッチング実績                （単位：件）  
変更内容みなし小売電気事業者
から新電力等
への変更新電力等から
みなし小売電気事業者
への変更新電力等から
新電力等への変更スイッチング
件数合計みなし小売電気事業者
の規制料金から自由
料金への変更
北海道 845,276 96,427 103,963 1,045,666 250,228
東北 1,080,874 57,312 174,562 1,312,748 670,926
東京 9,273,605 531,771 1,998,413 11,803,789 2,451,834
中部 2,172,643 161,329 316,695 2,650,667 1,904,344
北陸 118,292 16,028 20,559 154,879 383,447
関西 3,829,718 367,832 658,665 4,856,215 1,956,551
中国 576,800 58,214 83,058 718,072 681,334
四国 369,297 32,198 62,950 464,445 363,997
九州 1,399,587 129,040 187,752 1,716,379 915,466
沖縄 92,200 6,277 2,893 101,370 154,635
合計 19,758,292 1,456,428 3,609,510 24,824,230 9,732,762
 
※１４ 電力広域的 運営推進機関から公表されている平成 ２８年４月以降の累積スイッチング件数との
数値の相違は、①電力広域的運営推進機関の情報には高圧のスイッチング件数が含まれるこ
と、②同機関へのスイッチング申請を行った後、実際にスイッチングが行われるまでに２～３週間
程度のタイムラグが存在 していること等による。  
 
 
 
 
 
（本発表資料のお問い合わ せ先）  
   電力・ガス取引監視等 委員会事 務局 
取引監視課長   池田 
担当者：安原、嶋田、守田、髙森 
電 話： 03-3501-1552（直通）  
