PDF URL: https://www.emsc.meti.go.jp/info/public/pdf/20221221001a.pdf

                       
 
 
1 
 
 
令和４年１２月２１日  
経済産業省 電力・ガス取引監視等委員会  
 
電力取引の状況（令和４年９月分） 
 
 
  当委員会は、平成２８年４月から電力取引の監視に必要な情報について、電気事
業者及び卸電力取引所より定期的に情報収集を行っており、今般、令和４年９月分の販売電力量等の実績について結果を公表します。 
 
※１ 令和４年１２月６日時点における報告を集計。今後、事業者から修正の申請等があった場合、 
随時訂正する予定。 
※２ 電力取引報では、集計において事業者の過度の負担を避けるため、販売電力量と販売額につい
て N－１月検針日からN 月検針日前日までの実績をN月分として計上することを認めている。 
したがって、大宗の企業は検針日までの実績を報告しているため、実際のN月需要に対する実績とは一致しない。 
※３ 新電力とは、みなし小売電気事業者（旧一般電気事業者）以外の小売電気事業者を指す。 
※４ 自由料金メニューは、平成２８年３月末時点における旧選択約款に基づく電力供給実績を含む。 
※５ 規制料金メニューの販売実績については、電力調査統計から数値を記載。 ※６ 販売電力量の合計・新電力シェアについては、その他需要を含めず算出。 
※７ その他需要は、建設工事用電力と事業用電力の合計値であり、事業用電力は自社の設備及び
営業所のために供給する電力量を含む。 【主な指標】 
○全体の販売電力量       ７ １ ０ 億k W h（対前年同月比  １５億 kWh 増） 
○新電力シェア 
販売電力量ベース   １９．５％（対前年同月比  ２．２pt 減） 
      販売額ベース     ２２．０％（対前年同月比  １．１pt 減）       契約口数ベース    ２２．６％（対前年同月比  ２．４pt 増） 
        
※低圧のみ      ２２．６％（対前年同月比   ２．５pt 増 ） 
 
                       
 
 
2 
 
（１）販売電力量について 
今月分の販売電力量の実績については、表１から表５に示しており、各表の意義
は以下のとおりです。 
 
表１：全小売電気事業者（新電力及びみなし小売電気事業者。以下同じ。）の 
販売電力量の合計値（電圧種別／エリア別） 
表２：表１の数値のうち、新電力の数値を抽出したもの 
（あわせて、電圧種別の販売電力量（全国）に占める新電力の販売電力量 
の割合も記載。） 
表３：表１の数値のうち、みなし小売電気事業者の数値を抽出したもの 表４：旧供給区域（みなし小売電気事業者が、平成２８年３月以前に電力供給 
していた区域。以下同じ。）において、全小売電気事業者の販売電力量 
（低圧）に占める自由料金メニューの割合 
表５：表４のうち、みなし小売電気事業者の販売電力量（低圧）に占める自由料金 
   メ ニ ュ ー の割合を抽出したもの 
 
 
【表１】  全小売電気事業者の販売電力量（電圧種別／エリア別） 
電灯 電力
北海道 256,991 965,969 827,663 727,808 99,855 2,050,623 3,016
東北 1,649,022 2,401,701 1,937,841 1,687,161 250,680 5,988,564 2,498
東京 5,854,083 8,144,040 8,682,345 7,700,586 981,759 22,680,468 5,927
中部 3,535,817 4,074,564 3,441,213 2,954,537 486,676 11,051,594 7,163
北陸 601,693 891,863 673,097 582,422 90,675 2,166,653 2,236
関西 3,433,622 4,057,405 4,592,170 4,055,957 536,213 12,083,197 41,395
中国 1,582,658 1,595,270 1,678,846 1,485,747 193,099 4,856,774 12,308
四国 407,993 890,629 902,109 770,418 131,690 2,200,731 6,312
九州 1,609,215 2,712,666 2,846,085 2,401,946 444,139 7,167,966 15,265
沖縄 127,210 276,658 381,878 334,468 47,410 785,747 609
全国計 19,058,305 26,010,765 25,963,246 22,701,050 3,262,196 71,032,316 96,7 29
令和4年9月分販売電力量  合計(単位：MWh）
供給
区域特別高圧 高圧 低圧計 合計 その他需要
 
 
                       
 
 
3 
 
【表２】  新電力の販売電力量及び割合（電圧種別／エリア別） 
電灯 電力
北海道 13,947 141,512 195,065 180,371 14,694 350,524 1,876
東北 51,800 372,294 333,896 296,549 37,347 757,990 1,202
東京 1,051,518 2,696,147 3,196,504 2,949,627 246,877 6,944,169 5,927
中部 59,777 687,600 772,923 688,838 84,085 1,520,300 6,783
北陸 13,908 126,689 52,846 40,118 12,728 193,443 146
関西 205,868 724,896 1,491,406 1,324,404 167,002 2,422,170 36,122
中国 47,108 267,083 232,247 189,243 43,004 546,438 1,700
四国 15,797 116,372 139,249 114,496 24,752 271,418 434
九州 27,381 250,074 502,537 425,266 77,271 779,992 7,726
沖縄 4,114 39,720 50,701 44,793 5,908 94,536 0
全国計 1,491,219 5,422,387 6,967,373 6,253,705 713,668 13,880,979 61,916
新電力/全体 7.8% 20.9% 26.8% 27.6% 21.9% 19.5% 64.0%供給
区域
令和4年9月分新電力  合計(単位：MWh）
その他需要 特別高圧 高圧 低圧計 合計
 
 
【表３】  みなし小売電気事業者の販売電力量（電圧種別／エリア別） 
電灯 電力
北海道 243,044 824,457 632,598 547,437 85,161 1,700,099 1,140
東北 1,597,222 2,029,407 1,603,945 1,390,612 213,333 5,230,574 1,296
東京 4,802,565 5,447,893 5,485,841 4,750,959 734,882 15,736,299 0
中部 3,476,040 3,386,964 2,668,290 2,265,699 402,591 9,531,294 380
北陸 587,785 765,174 620,251 542,304 77,947 1,973,210 2,090
関西 3,227,754 3,332,509 3,100,764 2,731,553 369,211 9,661,027 5,273
中国 1,535,550 1,328,187 1,446,599 1,296,504 150,095 4,310,336 10,608
四国 392,196 774,257 762,860 655,922 106,938 1,929,313 5,878
九州 1,581,834 2,462,592 2,343,548 1,976,680 366,868 6,387,974 7,539
沖縄 123,096 236,938 331,177 289,675 41,502 691,211 609
全国計 17,567,086 20,588,378 18,995,873 16,447,345 2,548,528 57,151,337 34,8 13みなし小売電気事業者  合計(単位：MWh）
合計 その他需要
令和4年9月分供給
区域特別高圧 高圧 低圧計
※８ みなし小売電気事業者の旧供給区域外における販売実績を含む。 
 
                       
 
 
4 
 
【表４】  旧供給区域における販売電力量（低圧）に占め る自由料金メニューの割合 
供給区域 北海道 東北
電灯 電力 電灯 電力
375,306 310,416 64,890 910,016 742,120 167,896
452,357 417,392 34,965 1,027,825 945,041 82,784827,663 727,808 99,855 1,937,841 1,687,161 250,680
54.7% 57.4% 35.0% 53.0% 56.0% 33.0%
東京 中部 北陸
電灯 電力 電灯 電力 電灯 電力
3,097,429 2,668,088 429,341 995,436 865,250 130,186 205,217 168,452 36, 765
5,584,916 5,032,498 552,418 2,445,777 2,089,287 356,490 467,880 413,97 0 53,910
8,682,345 7,700,586 981,759 3,441,213 2,954,537 486,676 673,097 582,42 2 90,675
64.3% 65.4% 56.3% 71.1% 70.7% 73.3% 69.5% 71.1% 59.5%
関西 中国 四国
電灯 電力 電灯 電力 電灯 電力
1,493,887 1,191,096 302,790 489,756 381,887 107,869 306,215 250,177 56, 038
3,098,283 2,864,860 233,423 1,189,090 1,103,860 85,230 595,894 520,241 75,652
4,592,170 4,055,957 536,213 1,678,846 1,485,747 193,099 902,109 770,41 8 131,690
67.5% 70.6% 43.5% 70.8% 74.3% 44.1% 66.1% 67.5% 57.5%
九州 沖縄 合計
電灯 電力 電灯 電力 電灯 電力
1,057,010 776,404 280,606 178,584 178,584 - 9,108,856 7,532,474 1,576,3 81
1,789,075 1,625,542 163,533 155,884 155,884 - 16,806,980 15,168,576 1,6 38,404
2,846,085 2,401,946 444,139 334,468 334,468 - 25,915,836 22,701,050 3,2 14,786
62.9% 67.7% 36.8% 46.6% 46.6% - 64.9% 66.8% 51.0%
令和4年9月分低圧計
低圧計 低圧計 低圧計
低圧計 低圧計 低圧計販売
電力量
(単位:MWh)規制料金
自由料金
合計
自由/合計供給種別 低圧計 低圧計
低圧計 低圧計
 
 
【表５】  旧供給区域におけるみなし小売 電気事業者の販売電力量（低圧）に占める
自由料金メニューの割合 
供給区域 北海道電力 東北電力
電灯 電力 電灯 電力
375,306 310,416 64,890 910,016 742,120 167,896
256,775 236,506 20,269 693,257 647,880 45,377632,081 546,922 85,159 1,603,273 1,390,000 213,273
40.6% 43.2% 23.8% 43.2% 46.6% 21.3%
東京電力 中部電力 北陸電力
電灯 電力 電灯 電力 電灯 電力
3,097,429 2,668,088 429,341 995,436 865,250 130,186 205,217 168,452 36, 765
2,332,913 2,047,145 285,768 1,663,933 1,392,175 271,758 414,831 373,68 5 41,146
5,430,342 4,715,233 715,109 2,659,369 2,257,425 401,944 620,048 542,13 7 77,911
43.0% 43.4% 40.0% 62.6% 61.7% 67.6% 66.9% 68.9% 52.8%
関西電力 中国電力 四国電力
電灯 電力 電灯 電力 電灯 電力
1,493,887 1,191,096 302,790 489,756 381,887 107,869 306,215 250,177 56, 038
1,576,183 1,516,913 59,271 952,326 910,287 42,039 454,106 403,367 50,73 9
3,070,070 2,708,009 362,061 1,442,082 1,292,174 149,908 760,321 653,54 4 106,777
51.3% 56.0% 16.4% 66.0% 70.5% 28.0% 59.7% 61.7% 47.5%
九州電力 沖縄電力 合計
電灯 電力 電灯 電力 電灯 電力
1,057,010 776,404 280,606 178,584 178,584 - 9,108,856 7,532,474 1,576,3 81
1,284,992 1,198,897 86,095 111,091 111,091 - 9,740,407 8,837,946 902,46 2
2,342,002 1,975,301 366,701 289,675 289,675 - 18,849,263 16,370,420 2,4 78,843
54.9% 60.7% 23.5% 38.4% 38.4% - 51.7% 54.0% 36.4%
令和4年9月分低圧計 低圧計 低圧計供給種別 低圧計 低圧計
販売
電力量
(単位:MWh)規制料金
自由料金
合計
自由/合計
低圧計 低圧計 低圧計
低圧計 低圧計 低圧計
 
                       
 
 
5 
 
（２）販売額について 
今月分の販売額の実績については、表６から表９に示しており、各表の意義は以
下のとおりです。  
表６：全小売電気事業者の販売額の合計値（電圧種別／エリア別） 表７：新電力の販売額の合計値（電圧種別／全国） 
（あわせて、電圧種別の販売額（全国）に占める新電力の販売額の割合も 記載。） 
表８：みなし小売電気事業者の販売額の合計値（電圧種別／全国） 表９：旧供給区域において、みなし小売電気事業者の販売額（低圧）に占める 
自由料金メニューの割合（全国）  
 
 【表６】  全小売電気事業者の販売額（電圧種別／エリア別） 
電灯 電力
北海道 5,499,883 24,702,144 26,149,264 22,819,125 3,330,140 56,351,291
東北 32,364,298 60,387,372 56,443,750 48,196,299 8,247,451 149,195,420
東京 130,270,399 197,716,340 270,659,619 238,186,592 32,473,026 598,646,3 57
中部 67,495,544 90,978,056 103,848,003 88,708,827 15,139,175 262,321,602
北陸 10,267,091 18,899,967 17,603,107 15,039,946 2,563,161 46,770,165
関西 60,583,751 83,760,432 117,790,476 103,476,501 14,313,976 262,134,659
中国 31,438,171 37,897,803 48,985,284 43,173,064 5,812,220 118,321,258
四国 6,761,367 18,541,837 23,712,071 19,923,128 3,788,944 49,015,275
九州 24,470,798 48,235,259 71,638,181 59,694,269 11,943,911 144,344,238
沖縄 2,475,133 6,221,849 11,198,526 9,890,784 1,307,742 19,895,508
全国計 371,626,435 587,341,059 748,028,281 649,108,534 98,919,747 1,706,995 ,776販売額　合計（単位：千円）
令和4年9月分供給
区域特別高圧 高圧 低圧計 合計
 
 
【表７】  新電力の販売額及び割合（電圧種別／全国） 
電灯 電力
全国 32,177,458 135,700,714 207,868,583 185,079,611 22,788,972 375,746,75 6
新電力/全体 8.7% 23.1% 27.8% 28.5% 23.0% 22.0%新電力　合計（単位：千円）
高圧 低圧計
令和4年9月分合計 供給区域 特別高圧
 
 
【表８】  みなし小売電気事業者の販売額（電圧種別／全国） 
電灯 電力
全国 339,448,977 451,640,345 540,159,698 464,028,923 76,130,775 1,331,249 ,020みなし小売電気事業者　合計（単位：千円）
令和4年9月分供給区域 特別高圧 高圧 低圧計 合計
※９ みなし小売電気事業者の旧供給区域外における販売実績を含む。 
 
                       
 
 
6 
 
【表９】  旧供給区域におけるみなし小売 電気事業者の販売額（低圧）に占める自由
料金メニューの割合（全国） 
低圧電灯 低圧電力
規制料金 263,180,555 213,500,920 49,679,635
自由料金 272,930,120 248,322,329 24,607,791
合計 536,110,675 461,823,249 74,287,426
自由/合計 50.9% 53.8% 33.1%
令和4年9月分全国合計
供給種別 低圧計
販売額
（単位：千円）
※１０ 沖縄の低圧電力を除く。 
 
 
（３）契約口数について 
今月分の契約口数の実績については、表１０から表１３に示しており、各表の意義
は以下のとおりです。 
 
表１０：全小売電気事業者の契約口数の合計値（電圧種別／エリア別） 
表１１：新電力の契約口数の合計値（電圧種別／全国） 
    （ あ わ せ て 、 電 圧 種別の契約口数（全国）に占める新電力の契約口数の 
割合も記載。） 
表１２：みなし小売電気事業者の契約口数の合計値（電圧種別／全国） 表１３：旧供給区域において、みなし小売電気事業者の契約口数（低圧）に 
占める自由料金メニューの割合（全国） 
  【表１０】   全小売電気事業者の契約口数（電圧種別／エリア別） 
電灯 電力
北海道 275 37,886 3,866,873 3,683,544 183,329 3,905,034
東北 1,019 80,491 7,846,340 7,182,041 664,299 7,927,850
東京 4,037 252,201 31,083,669 29,345,539 1,738,130 31,339,907
中部 1,443 116,255 11,023,938 10,164,906 859,032 11,141,636
北陸 228 23,841 2,165,196 1,983,126 182,070 2,189,265
関西 2,159 126,532 14,237,155 13,339,011 898,144 14,365,846
中国 749 53,906 5,413,224 5,037,275 375,949 5,467,879
四国 201 30,917 2,866,888 2,592,320 274,568 2,898,006
九州 875 79,666 9,159,837 8,393,645 766,192 9,240,378
沖縄 104 5,913 881,703 835,802 45,901 887,720
全国計 11,090 807,608 88,544,823 82,557,209 5,987,614 89,363,521
令和4年9月分契約口数　合計（単位：件）
合計供給
区域特別高圧 高圧 低圧計
 
                       
 
 
7 
 
【表１１】   新電力の契約口数及び割合（電圧種別／全国） 
電灯 電力
全国 1,757 201,639 20,026,840 19,096,033 930,807 20,230,236
新電力/全体 15.8% 25.0% 22.6% 23.1% 15.6% 22.6%合計 供給区域 特別高圧 高圧 低圧計
令和4年9月分新電力　合計（単位：件）
 
 
【表１２】   みなし小売電気事業 者の契約口数（電圧種別／全国） 
電灯 電力
全国 9,333 605,969 68,517,983 63,461,176 5,056,807 69,133,285みなし小売電気事業者　合計（単位：件）
令和4年9月分合計 供給区域 特別高圧 高圧 低圧計
※１１ みなし小売電気事業者の旧供給区域外における販売実績を含む。  
 
 
【表１３】 旧供給区域におけるみなし小売電気事業者の契約口数（低圧）に占める  
自由料金メニューの割合（全国） 
低圧電灯 低圧電力
規制料金 46,165,771 42, 648,473 3,517,298
自由料金 22,057,863 20, 570,002 1,487,861
合計 68,223,634 63,218,475 5,005,159
自由/合計 32.3% 32.5% 29.7%
令和4年9月分全国合計
供給種別 低圧計
契約口数
（単位：件）
 
※１２ 沖縄の低圧電力を除く。 
 
 
（４）スイッチングの状況（低圧）について 
今月分のスイッチングの状況（低圧）の実績については、表１４及び表１５に示して
おり、各表の意義は以下のとおりです。  
表１４：低圧の契約のうち、みなし小売電気事業者から新電力等（域外に供給 
しているみなし小売電気事業者を含む。）への変更など、月間のスイッチ ング件数（エリア別） 
表１５：表１４について、平成２８年４月以降の数値を累積したもの（エリア別） 
 
                       
 
 
8 
 
【表１４】 小売電気事業者の月間スイッチング実績（エリア別） 
          （単位：件） 
変更内容みなし小売電気事業
者から新電力等
への変更新電力等から
みなし小売電気事業
者への変更新電力等から
新電力等への変更月間スイッチング
件数合計みなし小売電気事業
者の規制料金から自
由料金への変更
北海道 5,379 5,132 3,479 13,990 2,914
東北 12,343 2,524 4,741 19,608 1,114
東京 45,384 18,680 42,071 106,135 12,349
中部 19,458 5,320 7,364 32,142 2,838
北陸 1,752 692 486 2,930 893
関西 18,612 13,075 16,468 48,155 5,601
中国 7,710 4,049 2,524 14,283 1,522
四国 4,299 1,152 2,147 7,598 1,852
九州 17,396 4,223 6,649 28,268 1,132
沖縄 1,430 368 159 1,957 2,318
合計 133,763 55,215 86,088 275,066 32,533
令和4年9月分 
 
【表１５】 小売電気事業者の累積スイッチング実績（エリア別／平成２８年４月以降） 
（単位：件） 
変更内容みなし小売電気事業
者から新電力等
への変更新電力等から
みなし小売電気事業
者への変更新電力等から
新電力等への変更スイッチング
件数合計みなし小売電気事業者
の規制料金から自由料
金への変更
北海道 870,253 115,383 114,752 1,100,388 265,224
東北 1,136,077 73,370 206,456 1,415,903 680,675
東京 9,525,722 607,623 2,203,823 12,337,168 2,506,965
中部 2,274,693 187,018 348,336 2,810,047 1,919,450
北陸 125,766 18,596 24,155 168,517 388,836
関西 3,932,946 428,713 738,099 5,099,758 1,987,425
中国 615,346 74,409 97,738 787,493 688,144
四国 388,906 39,116 70,673 498,695 372,410
九州 1,479,504 173,617 221,587 1,874,708 924,196
沖縄 99,463 8,286 3,758 111,507 166,232
合計 20,448,676 1,726,131 4,029,377 26,204,184 9,899,557
令和4年9月分 
※１３ 電力広域的運営推進機関から公表されている平成２８年４月以降の累積スイッチング件数との
数値の相違は、①電力広域的運営推進機関の情報には高圧のスイッチング件数が含まれること、②同機関へのスイッチング申請を行った後、実際にスイッチングが行われるまでに２～３週間程度のタイムラグが存在していること等による。 
 
 
 
 
  （本発表資料のお問い合わせ先） 
  電力・ガス取引監視等委員会事務局 
取引監視課長  池田 
担当者：安原、嶋田、守田、髙森 電 話： 03-3501-1552（直通）
 
