PDF URL: https://www.emsc.meti.go.jp/info/public/pdf/20220802001a.pdf

                       
 
 
1 
 
 
令和４ 年７月１５日 
経済産業省  電力・ガス取引監視等委員 会 
 
電力取引 の状況（令和 ４年４月分） 
 
 
  当委員会は、 平成２８年４ 月から電力取引の監視に必要な情報について、電気事
業者及び卸電力取引所より定 期的に情報収集を行って おり、今般、令和４年４月分
の販売電力量等の実績について結果を公表します。  
 
※１ 令和４年７月４日時点に おける報告を集計。今後、事業者から修正の申請等があった場合、随時
訂正する予定。  
※２ 電力取引報では、集計において事業者の過度の負担を 避けるため、販売電力量と販売額につい
てN－１月検針日から N月検針日前日までの実績を N月分として計上 することを認め ており、大
宗の企業は検針 日までの実 績を報告しているため 、実際の N月需要に対する実績とは一致しな
い。 
※３ 新電力とは、みなし小売電気事業者（旧一般電気事業者）以外の小売電気業者を指す。  
※４ 自由料金メニューには、平成２８年３月末時点における旧選択約款に基づく電力供給実績を含
む。 
※５ 規制料金 メニューの販売実績については、電力調査統計から数値を記載。  
※６ 合計・新電力シェアは その他需要を含めず算出。  
※７ その他需要は、建設工事用電力と事業用電力の合計値であり、事業用電力は自社の設備及び
営業所のために供給する電力量を含む。  
 
 
（１）販売電力量について  
  電気事業者の販売電力量の 合計は６５４．８億kWh（内訳は、特別高圧： １７８．６
億kWh、高圧：２２５．２億kWh、低圧：２５１．０億kWh［低圧電灯 ：２２５．２億kWh、低
圧電力２５．８億kWh］）、その他需要 は０．８億kWhであった。 
  このうち、新電力の販売電力量の 合計は１３０．６億kWh（内訳は、特別高圧 １５．
５億kWh、高圧：５５．９億kWh、低圧：５９．２億kWh［低圧電灯： ５４．５億kWh、低圧電
力：４．７億kWh］）、その他需要 は０．５億kWhであり、販売電 力量全体に占めるシェ
アは約１９．９％（特別高圧：８．７％、高圧： ２４．８％、低圧：２３．６％［低圧電灯： ２４．
２％、低圧電力： １８．３％］）であった。 また、みなし小売電気事業者１０社の 販売電力【主な指標】  
○全体の販売電力量        ６５５億kWh（対前年同月比   １０億kWh増） 
○新電力シェア  
販売電力量ベース    １９．９％（対前年同月 比  ０．１pt増） 
      販売額ベース      ２２．１％（対前年同月比   ０．６pt増） 
      契約口数ベース     ２１．９％（対前 年同月比  ２．９pt増） 
        ※低圧のみ      ２１．９％（対前 年同月比    ２．９pt増） 
 
                       
 
 
2 
 
量（低圧）に占める 自由料金メニューの 平均割合は、約５６．４％[低圧電灯：５７．６％、
低圧電力：４７．０％]となっている。  
全体として、 販売電力 量（低圧）に占める自由料金メ ニューの割合は、 約６６．８％
[低圧電灯： ６７．９％、低圧電力： ５７．１％]となっている。  
 
 
【表１】小売電気事業者 （新電力とみなし小売電気事業者 の総計）の販売電力量（エリ
ア別）（令和４年４月） 
電灯 電力
北海道 260,954 940,363 1,167,754 969,802 197,952 2,369,071 3,688
東北 1,564,994 2,350,590 2,523,611 2,261,970 261,641 6,439,194 2,631
東京 5,616,939 7,219,082 8,199,343 7,470,503 728,840 21,035,365 4,905
中部 3,160,558 3,519,363 3,245,797 2,858,206 387,591 9,925,718 5,010
北陸 592,841 777,644 783,104 707,349 75,754 2,153,588 2,189
関西 3,127,709 3,293,742 4,069,017 3,709,639 359,378 10,490,469 39,601
中国 1,491,164 1,357,315 1,633,632 1,493,963 139,668 4,482,111 10,257
四国 419,664 723,769 816,402 715,905 100,497 1,959,836 4,859
九州 1,528,104 2,149,474 2,439,454 2,134,866 304,588 6,117,032 9,332
沖縄 100,940 184,710 224,104 200,397 23,707 509,754 483
全国計 17,863,867 22,516,052 25,102,218 22,522,601 2,579,617 65,482,137 82,955販売電力量  合計(単位：MWh）
供給
区域特別高圧 高圧 低圧計 合計 その他需要
 
 
 
【表２】新電力の 販売電力量（エリア別） （令和４年４月） 
電灯 電力
北海道 18,004 216,337 229,626 213,848 15,778 463,967 1,686
東北 92,480 470,966 372,862 334,564 38,298 936,307 1,406
東京 980,142 2,568,074 2,812,787 2,643,120 169,667 6,361,004 4,905
中部 59,644 697,168 606,298 554,245 52,053 1,363,110 4,518
北陸 17,152 156,240 44,337 36,249 8,087 217,728 117
関西 255,668 758,685 1,162,052 1,064,710 97,342 2,176,406 34,634
中国 83,484 283,611 182,273 154,764 27,508 549,368 1,332
四国 12,173 125,228 104,460 88,627 15,833 241,862 379
九州 26,062 285,614 375,121 330,889 44,232 686,797 3,049
沖縄 2,659 29,085 27,066 24,863 2,203 58,810 0
全国計 1,547,468 5,591,008 5,916,882 5,445,880 471,002 13,055,358 52,026新電力  合計(単位：MWh）
供給
区域特別高圧 高圧 低圧計 合計 その他需要
 
 
 
 
 
 
 
 
 
                       
 
 
3 
 
【表３】みなし小売電気事業者の 販売電力量（エリア別） （令和４年４月） 
電灯 電力
北海道 242,950 724,026 938,128 755,954 182,174 1,905,104 2,002
東北 1,472,514 1,879,624 2,150,749 1,927,406 223,343 5,502,887 1,225
東京 4,636,797 4,651,008 5,386,556 4,827,383 559,173 14,674,361 0
中部 3,100,914 2,822,195 2,639,499 2,303,961 335,538 8,562,608 492
北陸 575,689 621,404 738,767 671,100 67,667 1,935,860 2,072
関西 2,872,041 2,535,057 2,906,965 2,644,929 262,036 8,314,063 4,967
中国 1,407,680 1,073,704 1,451,359 1,339,199 112,160 3,932,743 8,925
四国 407,491 598,541 711,942 627,278 84,664 1,717,974 4,480
九州 1,502,042 1,863,860 2,064,333 1,803,977 260,356 5,430,235 6,283
沖縄 98,281 155,625 197,038 175,534 21,504 450,944 483
全国計 16,316,399 16,925,044 19,185,336 17,076,721 2,108,615 52,426,779 30,929みなし小売電気事業者  合計(単位：MWh）
供給
区域特別高圧 高圧 低圧計 合計 その他需要
 
※８ みなし小売電気事業者の 旧供給エリア外 の販売実績を含む 。 
 
【表４】みなし小売電気事業 者別の旧供給区域 における販売電力量 （低圧）に占める
自由料金メニューの割合 （令和４年４月） 
北海道電力 東北電力
電灯 電力 電灯 電力
446,695 387,744 58,951 1,049,731 895,187 154,544
490,734 367,515 123,219 1,100,218 1,031,466 68,752
937,429 755,259 182,170 2,149,949 1,926,653 223,296
52.3% 48.7% 67.6% 51.2% 53.5% 30.8%
東京電力 中部電力 北陸電力
電灯 電力 電灯 電力 電灯 電力
2,886,154 2,582,368 303,786 914,791 822,328 92,463 203,948 173,985 29,963
2,457,188 2,214,808 242,380 1,716,463 1,473,852 242,611 534,620 496,937 37,683
5,343,342 4,797,176 546,166 2,631,254 2,296,180 335,074 738,568 670,922 67,646
46.0% 46.2% 44.4% 65.2% 64.2% 72.4% 72.4% 74.1% 55.7%
関西電力 中国電力 四国電力
電灯 電力 電灯 電力 電灯 電力
1,233,189 1,045,863 187,326 422,587 354,211 68,376 248,386 212,633 35,753
1,648,038 1,578,257 69,781 1,025,107 981,397 43,710 461,718 412,911 48,807
2,881,227 2,624,120 257,107 1,447,694 1,335,608 112,086 710,104 625,544 84,560
57.2% 60.1% 27.1% 70.8% 73.5% 39.0% 65.0% 66.0% 57.7%
九州電力 沖縄電力 合計
電灯 電力 電灯 電力 電灯 電力
803,192 638,724 164,468 107,357 107,357 - 8,316,030 7,220,400 1,095,630
1,259,962 1,164,143 95,819 68,177 68,177 - 10,762,225 9,789,463 972,762
2,063,154 1,802,867 260,287 175,534 175,534 - 19,078,255 17,009,863 2,068,392
61.1% 64.6% 36.8% 38.8% 38.8% - 56.4% 57.6% 47.0%供給種別 低圧計 低圧計
販売
電力量
(単位:MWh)規制料金
自由料金
合計
自由/合計
低圧計 低圧計 低圧計低圧計 低圧計 低圧計
低圧計 低圧計 低圧計
 
 
 
 
 
 
 
                       
 
 
4 
 
【表５】旧供給区域 における販売電力 量（低圧）に占める自由料金メニューの割合 （令
和４年４月） 
供給区域 北海道 東北
電灯 電力 電灯 電力
446,695 387,744 58,951 1,049,731 895,187 154,544
721,059 582,058 139,001 1,473,880 1,366,783 107,097
1,167,754 969,802 197,952 2,523,611 2,261,970 261,641
61.7% 60.0% 70.2% 58.4% 60.4% 40.9%
東京 中部 北陸
電灯 電力 電灯 電力 電灯 電力
2,886,154 2,582,368 303,786 914,791 822,328 92,463 203,948 173,985 29,963
5,313,189 4,888,135 425,054 2,331,006 2,035,878 295,128 579,156 533,364 45,791
8,199,343 7,470,503 728,840 3,245,797 2,858,206 387,591 783,104 707,349 75,754
64.8% 65.4% 58.3% 71.8% 71.2% 76.1% 74.0% 75.4% 60.4%
関西 中国 四国
電灯 電力 電灯 電力 電灯 電力
1,233,189 1,045,863 187,326 422,587 354,211 68,376 248,386 212,633 35,753
2,835,829 2,663,777 172,052 1,211,045 1,139,752 71,292 568,016 503,272 64,744
4,069,017 3,709,639 359,378 1,633,632 1,493,963 139,668 816,402 715,905 100,497
69.7% 71.8% 47.9% 74.1% 76.3% 51.0% 69.6% 70.3% 64.4%
九州 沖縄 合計
電灯 電力 電灯 電力 電灯 電力
803,192 638,724 164,468 107,357 107,357 - 8,316,030 7,220,400 1,095,630
1,636,262 1,496,142 140,120 93,040 93,040 - 16,762,482 15,302,201 1,460,280
2,439,454 2,134,866 304,588 200,397 200,397 - 25,078,511 22,522,601 2,555,910
67.1% 70.1% 46.0% 46.4% 46.4% - 66.8% 67.9% 57.1%供給種別 低圧計 低圧計
低圧計
低圧計 低圧計
低圧計 低圧計 低圧計販売
電力量
(単位:MWh)規制料金
自由料金
合計
自由/合計
低圧計 低圧計
低圧計
 
 
 
 
（２）販売額について 
電気事業者の販売額の合計 は１兆３,２２６．４億円であった （内訳は、特別高圧：２ ,
６９５．１億円、高圧： ４,１５４．２億円、低圧：６,３７７．０億円［低圧電灯 ：５,６１２．０億
円、低圧電力： ７６５．０億円］）。 
  このうち、新電力の販売額の合計 は２,９１８．３億円（内訳は、特別高圧： ２５３．１
億円、高圧：１,０７４．８億円、低圧：１,５９０．４億円［低圧電灯 １,４３６．４億円、低圧電
力：１５４．１億円］）であり、販売 額全体に占めるシェアは 約２２．１％（特別高圧： ９．
４％、高圧：２ ５．９％、低圧：２４．９％［低圧電灯：２５．６％、低圧電力： ２０．１％］）で
あった。  
  また、みなし小売電気事業者１０社 の販売額（低圧）に占める自由料金メニューの
平均割合は、 約５０．９％[低圧電灯：５３．０％、低圧電力：３６．５％]となっている。  
 
 
                       
 
 
5 
 
【表６】小売電気事業者 （新電力とみなし小売電気事業者の総計） の販売額（エリア
別）（令和４年４月） 
電灯 電力
北海道 4,327,905 19,240,707 31,430,847 26,418,513 5,012,334 54,999,459
東北 23,587,913 45,804,632 66,676,009 58,752,693 7,923,316 136,068,554
東京 92,996,803 141,130,649 223,171,768 199,978,240 23,193,528 457,299,221
中部 48,994,676 64,382,520 83,757,604 72,617,096 11,140,508 197,134,800
北陸 7,487,379 13,038,603 16,503,444 14,381,439 2,122,005 37,029,426
関西 44,659,100 57,067,500 94,501,960 84,084,982 10,416,978 196,228,559
中国 21,486,542 24,503,143 39,853,095 35,557,640 4,295,455 85,842,780
四国 5,740,427 12,923,916 19,292,584 16,341,923 2,950,661 37,956,927
九州 18,315,092 33,166,274 56,288,908 47,678,327 8,610,581 107,770,274
沖縄 1,917,689 4,166,690 6,223,671 5,388,354 835,317 12,308,050
全国計 269,513,525 415,424,634 637,699,890 561,199,207 76,500,684 1,322,638,049供給
区域特別高圧 高圧 合計 低圧計販売額　合計（単位：千円）
 
 
 
【表７】新電力の 販売額（全国 ）（令和４年４月） 
電灯 電力
全国 25,312,897 107,479,420 159,041,441 143,635,346 15,406,096 291,833,758新電力　合計（単位：千円）
供給区域 特別高圧 高圧 合計 低圧計
 
 
 
【表８】みなし小売電気事業者 の販売額（全国） （令和４年４月） 
電灯 電力
全国 244,200,628 307,945,214 478,658,449 417,563,861 61,094,588 1,030,804,291みなし小売電気事業者　合計（単位：千円）
供給区域 特別高圧 高圧 合計 低圧計
 
※９ みなし小売電気事業者の 旧供給エリア 外の販売 実績を含む。  
 
【表９】みなし小売電気事 業者の旧供給区域 における販売額（低圧）に占める自由料
金メニューの割合 （全国）（令和４年４月） 
低圧電灯 低圧電力
規制料金 233,560,535 195,509,008 38,051,527
自由料金 242,266,654 220,384,740 21,881,914
合計 475,827,189 415,893,748 59,933,441
自由/合計 50.9% 53.0% 36.5%全国合計
供給種別 低圧計
販売額
（単位：千円）
 
※１０  沖縄の低圧電力を除く。  
 
 
                       
 
 
6 
 
（３）契約口数について  
小売電気事業者の契約口数の合計は ８,９２９．５万口であった（内訳は、特別高
圧：１．１万口、高圧：８３．７万口、低圧：８ ,８４４．７万口［低圧電灯：８ ,２３３．１万口、
低圧電力：６ １１．５万口］）。 
  このうち、新電力の契約口数 の合計は１,９５９．６万口（内訳は、特別高圧：０ ．２万
口、高圧：２４．７万口、低圧：１,９３４．７万口［低圧電灯：１,８４０．９万口、低圧電力：
９３．７万口］）であり、契約口数 全体に占めるシェアは 約２１．９％（特別高圧：１ ７．
２％、高圧： ２９．５％、低圧：２１．９％［低圧電灯：２ ２．４％、低圧電力：１ ５．３％］）で
あった。  
  また、みなし小売電気事業者１０社の、契約口数（低圧）に占める自由料金メニュ
ーの平均割合 は、約３１．７％[低圧電灯：３１．７％、低圧電力：３２．０％]となってい
る。 
 
【表１０】小売電気事業者 （新電力とみなし小 売電気事業者の総計） の契約口数 （エリ
ア別）（令和４年４月） 
電灯 電力
北海道 264 39,357 3,706,893 326,870 4,073,384
東北 1,015 85,603 7,184,150 667,309 7,938,077
東京 4,138 263,888 29,276,367 1,748,276 31,292,669
中部 1,452 119,582 10,100,519 865,838 11,087,391
北陸 228 24,848 1,980,922 183,880 2,189,878
関西 2,188 128,068 13,269,147 893,349 14,292,752
中国 747 55,869 5,018,710 364,543 5,439,869
四国 195 31,482 2,588,220 273,999 2,893,896
九州 878 82,287 8,370,621 745,448 9,199,234
沖縄 104 5,890 835,733 45,875 887,602
全国計 11,209 836,874 82,331,282 6,115,387 89,294,752契約口数　合計（単位：件）
供給
区域特別高圧 高圧低圧合計
 
 
 
【表１１】新電力の契約口数 （全国）（令和４年４月） 
電灯 電力
全国 1,932 247,055 19,346,630 18,409,369 937,261 19,595,617新電力　合計（単位：件）
供給区域 特別高圧 高圧 合計 低圧計
 
 
 
【表１２】みなし小売電気事業者の 契約口数 （全国）（令和４年４月） 
電灯 電力
全国 9,277 589,819 69,100,039 63,921,913 5,178,126 69,699,135みなし小売電気事業者　合計（単位：件）
供給区域 特別高圧 高圧 合計 低圧計
 
※１１ みなし小売電気事業者の 旧供給エリア 外の販売実績を含む。  
 
 
                       
 
 
7 
 
【表１３】みなし小売電気事 業者の旧供給区域 における契約口数 （低圧）に占める 自
由料金メニューの 割合（全国）（令和４年４月） 
低圧電灯 低圧電力
規制料金 46,999,699 43,513,797 3,485,902
自由料金 21,811,951 20,172,016 1,639,935
合計 68,811,650 63,685,813 5,125,837
自由/合計 31.7% 31.7% 32.0%全国合計
供給種別 低圧計
契約口数
（単位：件）
 
※１２ 沖縄の低圧電力を除く。  
 
 
（４）スイッチング の状況（低圧）について  
  月間スイッ チング件数 は５３．９万件（内訳は、一般送配電事業者の供給区 域のみ
なし小売電気事業者から新電力等への変更 件数：２９．０万件、新電力 等から一般送
配電事業者の供給区域の みなし小売電気事業者 への変更件数： ７．５万件、新電力
等間の変更件数： １７．４万件）、みなし小売電気事業者 の規制料金メニューから自由
料金メニューへの変更 （社内変更） は７．４万件であった。  
また、平成２８年４月からの累積スイッチング件数は２ ,４３０．２万件（内訳は、一般
送配電事業者の供給区域のみなし小売電気事業者から新電力等への変更件数 ：１,
９５１．３万件、新電力等から一般送配電事 業者の供給区域のみなし小売電気 事業
者への変更件数：１３６．２万件、新電力等間の変 更件数：３４２．７万件）、みなし小売
電気事業者の規制料金メニューから自由料金メニューへの変更（社内変更）は ９６６．
７万件であった。  
 
※１３  新電力等：域外に供給しているみなし小売事電気業者を含む。  
 
【表１４】小売電気事業者の月間スイッチング実績 （令和４年４月）      （単位：件）  
変更内容みなし小売電気事業者
から新電力等
への変更新電力等から
みなし小売電気事業者
への変更新電力等から
新電力等への変更月間スイッチング
件数合計みなし小売電気事業者
の規制料金から自由
料金への変更
北海道 11,765 4,280 3,404 19,449 6,519
東北 23,676 6,424 6,712 36,812 12,478
東京 113,244 29,304 100,383 242,931 18,112
中部 42,552 8,432 12,718 63,702 5,823
北陸 3,149 670 922 4,741 2,873
関西 52,893 19,068 39,250 111,211 8,891
中国 10,226 1,810 1,974 14,010 4,775
四国 8,343 960 2,851 12,154 2,572
九州 21,404 3,463 5,514 30,381 5,827
沖縄 2,481 493 188 3,162 5,667
合計 289,733 74,904 173,916 538,553 73,537
 
 
 
                       
 
 
8 
 
【表１５】平成２８年４月以降の累積スイッチング実績                （単位：件）  
変更内容みなし小売電気事業者
から新電力等
への変更新電力等から
みなし小売電気事業者
への変更新電力等から
新電力等への変更スイッチング
件数合計みなし小売電気事業者
の規制料金から自由
料金への変更
北海道 836,449 92,084 100,894 1,029,427 246,239
東北 1,061,228 47,474 154,201 1,262,903 663,288
東京 9,188,308 503,544 1,914,565 11,606,417 2,436,577
中部 2,140,512 150,091 301,477 2,592,080 1,898,584
北陸 112,633 14,923 19,543 147,099 381,508
関西 3,789,216 353,446 626,288 4,768,950 1,946,859
中国 562,178 49,993 72,599 684,770 678,291
四国 362,523 29,359 59,697 451,579 357,558
九州 1,371,047 115,700 175,293 1,662,040 908,509
沖縄 88,684 5,609 2,704 96,997 149,521
合計 19,512,778 1,362,223 3,427,261 24,302,262 9,666,934
 
 
 
 
 
 
 
※１４ 電力広域的 運営推進機関から公表されている平成 ２８年４月以降の累積スイッチング件数との
数値の相違は、①電力広域的運営推進機関の情報には高圧のスイッチング件数が含まれるこ
と、②同機関へのスイッチング申請を行った後、実際にスイッチングが行われるまでに２～３週間
程度のタイムラグが存在していること等による。  
 
 
 
（本発表資料のお問い合わ せ先）  
   電力・ガス取引監視等 委員会事 務局 
取引監視課長   池田 
担当者：安原、嶋田、守田、髙森 
電 話： 03-3501-1552（直通）  
