PDF URL: https://www.emsc.meti.go.jp/info/public/pdf/20230227001a.pdf

                       
 
 
1 
 
 
令和５年２月２７ 日 
経済産業省  電力・ガス取引監視等委員 会 
 
電力取引 の状況（令和 ４年１１月分） 
 
 
  当委員会は、 平成２８年４ 月から電力取引の監視に必要な情報について、電気事
業者及び卸電力取引所より定 期的に情報収集を行って おり、今般、令和４年１１月分
の販売電力量等の実績について結果を公表します。  
 
※１ 令和５年２月８日時点における報告を集計。今後、事業者から修正の申請等があった場合 、 
随時訂正する予定。  
※２ 電力取引報では、集計において事業者の過度の負担を 避けるため、販売電力量と販売額に つい
てN－１月検針日から N月検針日前日までの実績を N月分として計上 することを認め ている。 
したがって、大宗の企業は検針日までの実績を報告しているため 、実際の N月需要に対する実績
とは一致しない 。 
※３ 新電力とは、みなし小売電気事業者（旧一般電気事業者）以外の小売電気 事業者を指す。  
※４ 自由料金メニュー は、平成２８年３月末時点における旧選択約款に基づく電力供給実績を含む。  
※５ 規制料金 メニューの販売実績については、電力調査統計から数値を記載。  
※６ 販売電力 量の合計・新電力シェア については、その他需要を含めず算出。  
※７ その他需要は、建設工事用電力と事業用電力の合計値であり、事業用 電力は自社の設備及び
営業所のために供給する電力量を 含む。 【主な指標】  
○全体の販売電力量        ５９３億kWh（対前年同月比   ３９億kWh減） 
○新電力シェア  
販売電力量ベース    １８．０％（対前年同月 比  ３．１pt減） 
      販売額ベース      ２１．０％（対前年同月比   １．９pt減） 
      契約口数ベース     ２２．７％（対前 年同月比  ２．０pt増） 
        ※低圧のみ      ２２．６％（対前 年同月比    ２．０pt増） 
 
                       
 
 
2 
 
（１）販売電力量について  
今月分の販売電力量の実績については、表１から表５に示 しており、各表の意義
は以下のとおりです。  
 
表１：全小売電気事業者（新電力及びみなし小売電気事業者 。以下同じ。） の 
販売電力量の合計値（電圧種別／エリア別）  
表２：表１の数値のうち、新電力の数値を抽出し たもの  
（あわせて 、電圧種別の 販売電力量 （全国）に占める 新電力の販売電力量  
の割合も記載。） 
表３：表１の数値のうち、みなし小売電気事業者の数値を抽出したもの  
表４：旧供給区域（みなし小売電気事業者が、 平成２８年３月以前に電力供給  
していた区域。以下同じ。）において、全 小売電気事業者の販売電力量  
（低圧）に占める自由料金メニューの割合  
表５：表４のうち、みなし小売電気事業者の販売電力量（低圧）に占める自由料金  
   メニューの割合を抽出したもの  
 
 
【表１】  全小売電気事業者 の販売電力量（電圧種別 ／エリア別） 
電灯 電力
北海道 275,335 959,394 956,191 838,101 118,091 2,190,920 4,037
東北 1,583,340 2,235,032 2,002,956 1,798,757 204,199 5,821,328 2,900
東京 5,307,488 6,497,561 6,991,626 6,371,830 619,796 18,796,675 9,928
中部 3,190,259 3,331,534 2,556,349 2,261,153 295,196 9,078,142 6,433
北陸 583,617 779,246 651,489 587,617 63,872 2,014,352 1,683
関西 3,151,889 3,130,102 3,166,597 2,882,287 284,310 9,448,589 36,244
中国 1,411,250 1,264,687 1,254,026 1,144,000 110,026 3,929,963 10,635
四国 427,245 721,079 653,713 574,213 79,501 1,802,037 4,723
九州 1,531,903 2,081,322 2,063,966 1,803,619 260,347 5,677,192 11,132
沖縄 105,003 227,630 228,052 200,661 27,391 560,685 490
全国計 17,567,330 21,227,588 20,524,965 18,462,238 2,062,727 59,319,882 88,205
令和4年11月分販売電力量  合計(単位：MWh）
供給
区域特別高圧 高圧 低圧計 合計 その他需要
 
 
                       
 
 
3 
 
【表２】  新電力の 販売電力量 及び割合（電圧種別 ／エリア別）  
電灯 電力
北海道 7,568 124,467 210,218 197,490 12,729 342,253 2,005
東北 50,275 330,084 335,775 307,861 27,914 716,134 1,352
東京 875,501 2,108,879 2,471,653 2,329,597 142,056 5,456,033 9,928
中部 55,480 527,180 554,024 511,814 42,210 1,136,684 6,044
北陸 12,571 108,018 43,868 37,211 6,657 164,457 125
関西 155,933 508,456 947,968 871,080 76,888 1,612,358 31,673
中国 43,536 214,671 154,719 133,576 21,143 412,926 2,964
四国 12,689 86,732 92,574 81,416 11,159 191,995 371
九州 48,632 194,463 339,102 302,933 36,169 582,198 5,351
沖縄 3,791 30,812 30,978 27,835 3,143 65,581 0
全国計 1,265,977 4,233,763 5,180,879 4,800,813 380,066 10,680,618 59,813
新電力/全体 7.2% 19.9% 25.2% 26.0% 18.4% 18.0% 67.8%供給
区域
令和4年11月分新電力  合計(単位：MWh）
その他需要 特別高圧 高圧 低圧計 合計
 
 
【表３】  みなし小売電 気事業者の販売電力量（ 電圧種別 ／エリア別） 
電灯 電力
北海道 267,767 834,927 745,973 640,611 105,362 1,848,667 2,032
東北 1,533,065 1,904,948 1,667,181 1,490,896 176,285 5,105,194 1,548
東京 4,431,987 4,388,682 4,519,973 4,042,233 477,740 13,340,642 0
中部 3,134,779 2,804,354 2,002,325 1,749,339 252,986 7,941,458 389
北陸 571,046 671,228 607,621 550,406 57,215 1,849,895 1,558
関西 2,995,956 2,621,646 2,218,629 2,011,207 207,422 7,836,231 4,571
中国 1,367,714 1,050,016 1,099,307 1,010,424 88,883 3,517,037 7,671
四国 414,556 634,347 561,139 492,797 68,342 1,610,042 4,352
九州 1,483,271 1,886,859 1,724,864 1,500,686 224,178 5,094,994 5,781
沖縄 101,212 196,818 197,074 172,826 24,248 495,104 490
全国計 16,301,353 16,993,825 15,344,086 13,661,425 1,682,661 48,639,264 28,392みなし小売電気事業者  合計(単位：MWh）
合計 その他需要
令和4年11月分供給
区域特別高圧 高圧 低圧計
※８ みなし小売電気事業者の旧供給区域外における販売実績を含む 。 
 
                       
 
 
4 
 
【表４】  旧供給区域 における販売電力量（低圧） に占める自由料金メニュ ーの割合  
供給区域 北海道 東北
電灯 電力 電灯 電力
386,196 333,607 52,589 866,060 739,188 126,872
569,995 504,494 65,502 1,136,896 1,059,569 77,327
956,191 838,101 118,091 2,002,956 1,798,757 204,199
59.6% 60.2% 55.5% 56.8% 58.9% 37.9%
東京 中部 北陸
電灯 電力 電灯 電力 電灯 電力
2,396,698 2,142,130 254,568 700,272 630,216 70,056 179,787 154,664 25,123
4,594,928 4,229,700 365,228 1,856,077 1,630,937 225,140 471,702 432,953 38,749
6,991,626 6,371,830 619,796 2,556,349 2,261,153 295,196 651,489 587,617 63,872
65.7% 66.4% 58.9% 72.6% 72.1% 76.3% 72.4% 73.7% 60.7%
関西 中国 四国
電灯 電力 電灯 電力 電灯 電力
973,095 820,214 152,881 327,440 271,327 56,113 198,021 169,615 28,406
2,193,502 2,062,074 131,428 926,586 872,673 53,913 455,692 404,598 51,095
3,166,597 2,882,287 284,310 1,254,026 1,144,000 110,026 653,713 574,213 79,501
69.3% 71.5% 46.2% 73.9% 76.3% 49.0% 69.7% 70.5% 64.3%
九州 沖縄 合計
電灯 電力 電灯 電力 電灯 電力
687,149 534,102 153,047 106,544 106,544 - 6,821,262 5,901,607 919,655
1,376,817 1,269,517 107,300 94,117 94,117 - 13,676,312 12,560,631 1,115,681
2,063,966 1,803,619 260,347 200,661 200,661 - 20,497,574 18,462,238 2,035,336
66.7% 70.4% 41.2% 46.9% 46.9% - 66.7% 68.0% 54.8%
令和4年11月分低圧計
低圧計 低圧計 低圧計
低圧計 低圧計 低圧計販売
電力量
(単位:MWh)規制料金
自由料金
合計
自由/合計供給種別 低圧計 低圧計
低圧計 低圧計
 
 
【表５】  旧供給区域における みなし小売電気事業 者の販売電力量 （低圧）に占める
自由料金メニューの割合  
供給区域 北海道電力 東北電力
電灯 電力 電灯 電力
386,196 333,607 52,589 866,060 739,188 126,872
359,219 306,448 52,771 800,516 751,133 49,383
745,415 640,055 105,360 1,666,576 1,490,321 176,255
48.2% 47.9% 50.1% 48.0% 50.4% 28.0%
東京電力 中部電力 北陸電力
電灯 電力 電灯 電力 電灯 電力
2,396,698 2,142,130 254,568 700,272 630,216 70,056 179,787 154,664 25,123
2,080,524 1,870,651 209,873 1,295,830 1,113,280 182,550 427,679 395,607 32,072
4,477,222 4,012,781 464,441 1,996,102 1,743,496 252,606 607,466 550,271 57,195
46.5% 46.6% 45.2% 64.9% 63.9% 72.3% 70.4% 71.9% 56.1%
関西電力 中国電力 四国電力
電灯 電力 電灯 電力 電灯 電力
973,095 820,214 152,881 327,440 271,327 56,113 198,021 169,615 28,406
1,226,237 1,175,936 50,301 769,323 736,616 32,707 361,765 321,937 39,828
2,199,332 1,996,150 203,182 1,096,763 1,007,943 88,820 559,786 491,552 68,234
55.8% 58.9% 24.8% 70.1% 73.1% 36.8% 64.6% 65.5% 58.4%
九州電力 沖縄電力 合計
電灯 電力 電灯 電力 電灯 電力
687,149 534,102 153,047 106,544 106,544 - 6,821,262 5,901,607 919,655
1,036,748 965,695 71,053 66,282 66,282 - 8,424,123 7,703,585 720,538
1,723,897 1,499,797 224,100 172,826 172,826 - 15,245,385 13,605,192 1,640,193
60.1% 64.4% 31.7% 38.4% 38.4% - 55.3% 56.6% 43.9%
令和4年11月分低圧計 低圧計 低圧計供給種別 低圧計 低圧計
販売
電力量
(単位:MWh)規制料金
自由料金
合計
自由/合計
低圧計 低圧計 低圧計
低圧計 低圧計 低圧計
 
                       
 
 
5 
 
（２）販売額について 
今月分の販売額の実績に ついては、表６から表９に示 しており、各表の意義は以
下のとおりです。  
 
表６：全小売電気事業者の販売額の合計値（電圧種別／エリア別）  
表７：新電力の販売額の合計値（電圧種別／全国 ） 
（あわせて 、電圧種別の販売額（全国）に占める 新電力の販売額の割合も 
記載。） 
表８：みなし 小売電気事業 者の販売額の合計値（電 圧種別／全国）  
表９：旧供給区域にお いて、みなし小売電気事業者の 販売額（低圧）に占める  
自由料金メニューの割合（全国）  
 
【表６】  全小売電気事業者の販売 額（電圧種別／エリア別） 
電灯 電力
北海道 6,438,658 26,614,291 29,872,421 25,885,610 3,986,811 62,925,370
東北 34,945,080 62,471,372 57,774,916 50,540,731 7,234,185 155,191,368
東京 126,920,903 178,182,054 232,447,792 207,775,336 24,672,456 537,550,750
中部 70,478,228 85,805,380 80,057,310 69,015,230 11,042,080 236,340,918
北陸 10,826,674 18,152,137 17,601,569 15,321,064 2,280,505 46,580,380
関西 61,941,511 74,666,684 87,487,808 77,460,071 10,027,737 224,096,003
中国 31,794,817 34,083,761 38,851,647 34,584,866 4,266,781 104,730,225
四国 7,611,417 16,490,254 18,665,569 15,756,369 2,909,200 42,767,240
九州 25,239,376 42,792,193 56,002,794 47,418,381 8,584,413 124,034,363
沖縄 2,096,308 5,071,780 6,753,688 5,845,953 907,735 13,921,776
全国計 378,292,972 544,329,907 625,515,514 549,603,611 75,911,902 1,548,138,393販売額　合計（単位：千円）
令和4年11月分供給
区域特別高圧 高圧 低圧計 合計
 
 
【表７】  新電力の 販売額及び割合（電圧種別 ／全国） 
電灯 電力
全国 31,035,788 120,945,761 172,575,589 156,816,256 15,759,332 324,557,138
新電力/全体 8.2% 22.2% 27.6% 28.5% 20.8% 21.0%新電力　合計（単位：千円）
高圧 低圧計
令和4年11月分合計 供給区域 特別高圧
 
 
【表８】  みなし小売電気事業者 の販売額（電圧種別 ／全国） 
電灯 電力
全国 347,257,184 423,384,146 452,939,925 392,787,355 60,152,570 1,223,581,255みなし小売電気事業者　合計（単位：千円）
令和4年11月分供給区域 特別高圧 高圧 低圧計 合計
 
※９ みなし小売電気事業者の 旧供給区域外における販売実績を含む。  
                       
 
 
6 
 
【表９】  旧供給区域における みなし小売電気事 業者の販売額（低圧）に占める自由
料金メニューの割合（全国）  
低圧電灯 低圧電力
規制料金 203,622,215 167,012,714 36,609,501
自由料金 246,226,171 224,000,499 22,225,672
合計 449,848,386 391,013,213 58,835,173
自由/合計 54.7% 57.3% 37.8%
令和4年11月分全国合計
供給種別 低圧計
販売額
（単位：千円）
※１０  沖縄の低圧電力を除く。  
 
 
（３）契約口数について  
今月分の契約口数の実績については、表１０から表１３に示 しており、各表の意義
は以下のとおりです。  
 
表１０：全小売電気事業者の契約口数の合計値（電圧種別／エリア 別） 
表１１：新電力の契約口数 の合計値（電 圧種別／全国） 
    （あわせて 、電圧種別の契約口数 （全国）に占める 新電力の契約口数 の 
割合も記載。） 
表１２：みなし 小売電気事業者の契約口数の合計値（電圧種別／全国）  
表１３：旧供給区域において、みなし小売電気事業者の 契約口数（低圧）に  
占める自由料金メニューの割合（全国）  
 
 
【表１０】   全小売電気事業者 の契約口数 （電圧種別 ／エリア別）  
電灯 電力
北海道 273 37,945 3,971,817 3,678,087 293,730 4,010,035
東北 1,039 81,316 7,837,202 7,180,684 656,518 7,919,557
東京 4,021 247,993 31,109,070 29,399,218 1,709,852 31,361,084
中部 1,448 115,569 11,029,818 10,179,410 850,408 11,146,835
北陸 230 24,041 2,167,201 1,983,804 183,397 2,191,472
関西 2,182 126,935 14,239,186 13,354,269 884,917 14,368,303
中国 747 53,461 5,401,905 5,041,023 360,882 5,456,113
四国 202 31,113 2,856,318 2,591,474 264,844 2,887,633
九州 880 79,376 9,148,018 8,400,706 747,312 9,228,274
沖縄 104 5,903 884,140 838,188 45,952 890,147
全国計 11,126 803,652 88,644,675 82,646,863 5,997,812 89,459,453
令和4年11月分契約口数　合計（単位：件）
合計供給
区域特別高圧 高圧 低圧計
 
                       
 
 
7 
 
【表１１】   新電力の契約口数 及び割合（電圧種別 ／全国）  
電灯 電力
全国 1,685 190,922 20,073,008 19,159,429 913,579 20,265,615
新電力/全体 15.1% 23.8% 22.6% 23.2% 15.2% 22.7%合計 供給区域 特別高圧 高圧 低圧計
令和4年11月分新電力　合計（単位：件）
 
 
【表１２】   みなし小売電気事業者の 契約口数 （電圧種別 ／全国）  
電灯 電力
全国 9,441 612,730 68,571,667 63,487,434 5,084,233 69,193,838みなし小売電気事業者　合計（単位：件）
令和4年11月分合計 供給区域 特別高圧 高圧 低圧計
※１１ みなし小売電気事業者の 旧供給区域外における販売実績 を含む。 
 
 
【表１３】 旧供給区域におけるみなし小売電気事 業者の契約口数 （低圧）に占める  
自由料金 メニューの割合（全国）  
低圧電灯 低圧電力
規制料金 46,054,231 42,630,985 3,423,246
自由料金 22,232,113 20,622,427 1,609,686
合計 68,286,344 63,253,412 5,032,932
自由/合計 32.6% 32.6% 32.0%
令和4年11月分全国合計
供給種別 低圧計
契約口数
（単位：件）
※１２ 沖縄の低圧電力を除く。  
 
 
（４）スイッチング の状況（低圧）について 
今月分のスイッチングの状況（低圧）の実績については、表１４及び表１５に 示して
おり、各表の意義は以下 のとおりで す。 
 
表１４：低圧の 契約のうち、みなし小売電気事業者から新電力等（域外に供給  
しているみなし小売電気事業者を含む。）への変更な ど、月間のスイッチ  
ング件数（エリア別）  
表１５：表 １４について、平成２８年４月以降の数値を累積したもの（エリア別）  
 
                       
 
 
8 
 
【表１４】 小売電気事業者の月 間スイッチング実績 （エリア別） 
          （単位：件） 
変更内容みなし小売電気事業
者から新電力等
への変更新電力等から
みなし小売電気事業
者への変更新電力等から
新電力等への変更月間スイッチング
件数合計みなし小売電気事業
者の規制料金から自
由料金への変更
北海道 2,545 5,253 955 8,753 773
東北 4,544 12,005 9,268 25,817 520
東京 24,967 36,981 49,149 111,097 3,631
中部 12,377 6,392 11,307 30,076 1,786
北陸 420 1,798 719 2,937 391
関西 8,935 14,740 16,584 40,259 3,234
中国 5,553 3,379 3,798 12,730 1,097
四国 2,437 2,464 1,391 6,292 1,591
九州 11,414 18,760 5,144 35,318 1,236
沖縄 1,741 860 289 2,890 1,111
合計 74,933 102,632 98,604 276,169 15,370
令和4年11月分
 
 
 
【表１５】 小売電気事業者の 累積スイッチング実績 （エリア別／平成２８年４月以降） 
（単位：件）  
変更内容みなし小売電気事業
者から新電力等
への変更新電力等から
みなし小売電気事業
者への変更新電力等から
新電力等への変更スイッチング
件数合計みなし小売電気事業者
の規制料金から自由料
金への変更
北海道 877,198 124,885 119,105 1,121,188 267,264
東北 1,150,494 92,103 220,044 1,462,641 681,693
東京 9,593,967 674,794 2,293,371 12,562,132 2,516,459
中部 2,304,184 199,665 366,754 2,870,603 1,923,210
北陸 127,645 21,800 25,415 174,860 389,707
関西 3,957,585 457,797 771,596 5,186,978 1,996,267
中国 627,977 80,144 105,218 813,339 690,502
四国 394,581 42,709 73,842 511,132 375,926
九州 1,505,048 196,151 232,171 1,933,370 926,577
沖縄 102,565 9,577 4,220 116,362 169,731
合計 20,641,244 1,899,625 4,211,736 26,752,605 9,937,336
令和4年11月分
 
※１３ 電力広域的 運営推進機関から公表されている平成 ２８年４月以降の累積スイッチング件数との
数値の相違は、①電力広域的運営推進機関の情報には高圧のスイッチング件数が含まれるこ
と、②同機関へのスイッチング申請を行った後、実際にスイッチングが行われるまでに ２～３週間
程度のタイムラグが存在 していること等による。  
 
 
 
 
  （本発表資 料のお問い合わ せ先）  
   電力・ガス取引監視等 委員会事 務局 
取引監視課長   池田 
担当者：安原、嶋田、守田、髙森 
電 話： 03-3501-1552（直通）  
