PDF URL: https://www.emsc.meti.go.jp/info/public/pdf/20231016002a.pdf

                       
 
 
1 
 
 
令和５年１０月１６日  
経済産業省 電力・ガス取引監視等委員会  
 
電力取引の状況（令和５年７月分） 
 
 
  当委員会は、平成２８年４月から電力取引の監視に必要な情報について、電気事
業者及び卸電力取引所より定期的に情報収集を行っており、今般、令和５年７月分の販売電力量等の実績について結果を公表します。 
 
※１ 令和５年１０月１日時点における報告を集計（集計にあたり、小数点（ただし、パーセント表示につ
いては小数点第２位）を四捨五入した）。今後、事業者から修正の申請等があった場合、随時訂正する予定。 
※２ 電力取引報では、集計において事業者の過度の負担を避けるため、販売電力量と販売額につい
て N－１月検針日からN 月検針日前日までの実績をN月分として計上することを認めている。 
したがって、大宗の企業は検針日までの実績を報告しているため、実際のN月需要に対する実績とは一致しない。 
※３ 新電力とは、みなし小売電気事業者（旧一般電気事業者）以外の小売電気事業者を指す。 
※４ 自由料金メニューは、平成２８年３月末時点における旧選択約款に基づく電力供給実績を含む。 
※５ 規制料金メニューの販売実績については、電力調査統計から数値を記載。 
※６ 販売電力量の合計・新電力シェアについては、その他需要を含めず算出。 
※７ その他需要は、建設工事用電力と事業用電力の合計値であり、事業用電力は自社の設備及び
営業所のために供給する電力量を含む。 【主な指標】 
○全体の販売電力量       ６ ８ ８ 億k W h（対前年同月比 ２２億 kWh 減） 
○新電力シェア 
販売電力量ベース   １６．６％（対前年同月比  ３．８pt 減） 
      販売額ベース     １８．４％（対前年同月比  ４．６pt 減）       契約口数ベース    ２２．０％（対前年同月比  ０．５pt 減） 
        
※低圧のみ      ２２．０％（対前年同月比   ０．５pt 減 ） 
 
                       
 
 
2 
 
（１）販売電力量について 
今月分の販売電力量の実績については、表１から表５に示しており、各表の意義
は以下のとおりです。 
 
表１：全小売電気事業者（新電力及びみなし小売電気事業者。以下同じ。）の 
販売電力量の合計値（電圧種別／エリア別） 
表２：表１の数値のうち、新電力の数値を抽出したもの 
（あわせて、電圧種別の販売電力量（全国）に占める新電力の販売電力量 
の割合も記載。） 
表３：表１の数値のうち、みなし小売電気事業者の数値を抽出したもの 表４：旧供給区域（みなし小売電気事業者が、平成２８年３月以前に電力供給 
していた区域。以下同じ。）において、全小売電気事業者の販売電力量 
（低圧）に占める自由料金メニューの割合 
表５：表４のうち、みなし小売電気事業者の販売電力量（低圧）に占める自由料金 
   メ ニ ュ ー の割合を抽出したもの 
 
 
【表１】  全小売電気事業者の販売電力量（電圧種別／エリア別） 
電灯 電力
北海道 230,784 1,047,602 804,092 705,331 98,761 2,082,478 3,554
東北 1,591,168 2,570,034 1,808,651 1,567,670 240,980 5,969,853 2,449
東京 6,391,779 8,372,873 7,944,338 7,010,576 933,762 22,708,989 15,678
中部 3,606,727 4,018,781 3,000,543 2,584,052 416,491 10,626,052 8,802
北陸 602,884 990,001 587,925 510,797 77,128 2,180,810 1,811
関西 3,655,222 3,813,727 3,802,215 3,364,957 437,258 11,271,164 32,622
中国 1,587,358 1,525,215 1,339,887 1,190,176 149,711 4,452,461 15,008
四国 404,894 958,689 736,711 630,116 106,595 2,100,294 5,945
九州 1,716,705 2,494,452 2,480,698 2,100,110 380,588 6,691,855 9,788
沖縄 127,895 244,093 346,105 301,755 44,350 718,093 477
全国計 19,915,416 26,035,469 22,851,165 19,965,540 2,885,625 68,802,050 96,1 33その他需要
令和5年7月分販売電力量  合計(単位：MWh）
供給
区域特別高圧 高圧 低圧計 合計
 
 
                       
 
 
3 
 
【表２】  新電力の販売電力量及び割合（電圧種別／エリア別） 
電灯 電力
北海道 25,228 131,465 179,821 168,305 11,516 336,514 1,572
東北 69,880 364,001 306,599 279,580 27,018 740,480 1,157
東京 580,560 2,246,837 2,786,100 2,582,776 203,324 5,613,496 15,678
中部 58,832 539,861 705,635 643,875 61,760 1,304,329 8,418
北陸 1,576 98,682 43,924 36,005 7,919 144,182 139
関西 136,055 412,828 1,150,332 1,037,661 112,671 1,699,215 26,822
中国 69,640 231,978 177,752 152,927 24,825 479,371 4,174
四国 18,764 86,739 108,445 93,977 14,468 213,948 193
九州 45,362 276,709 449,339 387,996 61,343 771,410 1,951
沖縄 3,695 29,441 47,489 42,073 5,416 80,625 0
全国計 1,009,592 4,418,543 5,955,436 5,425,175 530,261 11,383,571 60,103
新電力/全体 5.1% 17.0% 26.1% 27.2% 18.4% 16.6% 62.5%特別高圧 高圧 低圧計 合計
令和5年7月分新電力  合計(単位：MWh）
その他需要供給
区域
 
 
【表３】  みなし小売電気事業者の販売電力量（電圧種別／エリア別） 
電灯 電力
北海道 205,556 916,137 624,271 537,026 87,245 1,745,964 1,982
東北 1,521,288 2,206,033 1,502,052 1,288,090 213,962 5,229,373 1,292
東京 5,811,219 6,126,036 5,158,238 4,427,800 730,438 17,095,493 0
中部 3,547,895 3,478,920 2,294,908 1,940,177 354,731 9,321,723 384
北陸 601,308 891,319 544,001 474,792 69,209 2,036,628 1,672
関西 3,519,167 3,400,899 2,651,883 2,327,296 324,587 9,571,949 5,800
中国 1,517,718 1,293,237 1,162,135 1,037,249 124,886 3,973,090 10,834
四国 386,130 871,950 628,266 536,139 92,127 1,886,346 5,752
九州 1,671,343 2,217,743 2,031,359 1,712,114 319,245 5,920,445 7,837
沖縄 124,200 214,652 298,616 259,682 38,934 637,468 477
全国計 18,905,824 21,616,926 16,895,729 14,540,365 2,355,364 57,418,479 36,0 30供給
区域特別高圧 高圧 低圧計
令和5年7月分みなし小売電気事業者  合計(単位：MWh）
合計 その他需要
※８ みなし小売電気事業者の旧供給区域外における販売実績を含む。 
 
                       
 
 
4 
 
【表４】  旧供給区域における販売電力量（低圧）に占め る自由料金メニューの割合 
供給区域 北海道 東北
電灯 電力 電灯 電力
369,367 302,109 67,258 875,792 704,125 171,667434,725 403,222 31,503 932,859 863,545 69,313
804,092 705,331 98,761 1,808,651 1,567,670 240,980
54.1% 57.2% 31.9% 51.6% 55.1% 28.8%
東京 中部 北陸
電灯 電力 電灯 電力 電灯 電力
3,081,352 2,585,848 495,504 890,335 760,495 129,840 183,442 149,411 34, 031
4,862,986 4,424,728 438,258 2,110,208 1,823,557 286,651 404,483 361,38 6 43,097
7,944,338 7,010,576 933,762 3,000,543 2,584,052 416,491 587,925 510,79 7 77,128
61.2% 63.1% 46.9% 70.3% 70.6% 68.8% 68.8% 70.8% 55.9%
関西 中国 四国
電灯 電力 電灯 電力 電灯 電力
1,318,934 1,052,812 266,122 375,075 290,831 84,244 244,508 197,417 47,0 91
2,483,281 2,312,145 171,136 964,812 899,345 65,467 492,203 432,699 59,5 04
3,802,215 3,364,957 437,258 1,339,887 1,190,176 149,711 736,711 630,11 6 106,595
65.3% 68.7% 39.1% 72.0% 75.6% 43.7% 66.8% 68.7% 55.8%
九州 沖縄 合計
電灯 電力 電灯 電力 電灯 電力
901,934 654,455 247,479 169,859 169,859 - 8,410,598 6,867,362 1,543,236
1,578,764 1,445,655 133,109 131,896 131,896 - 14,396,217 13,098,178 1,2 98,039
2,480,698 2,100,110 380,588 301,755 301,755 - 22,806,815 19,965,540 2,8 41,275
63.6% 68.8% 35.0% 43.7% 43.7% - 63.1% 65.6% 45.7%規制料金
自由料金
合計
自由/合計供給種別 低圧計 低圧計
低圧計 低圧計
低圧計販売
電力量
(単位:MWh)
令和5年7月分低圧計
低圧計 低圧計 低圧計
低圧計 低圧計
 
 
【表５】  旧供給区域におけるみなし小売 電気事業者の販売電力量（低圧）に占める
自由料金メニューの割合 
供給区域 北海道電力 東北電力
電灯 電力 電灯 電力
369,367 302,109 67,258 875,792 704,125 171,667254,483 234,497 19,986 625,676 583,420 42,256
623,850 536,606 87,244 1,501,468 1,287,545 213,923
40.8% 43.7% 22.9% 41.7% 45.3% 19.8%
東京電力 中部電力 北陸電力
電灯 電力 電灯 電力 電灯 電力
3,081,352 2,585,848 495,504 890,335 760,495 129,840 183,442 149,411 34, 031
2,055,036 1,822,524 232,512 1,397,320 1,172,993 224,327 360,406 325,25 4 35,152
5,136,388 4,408,372 728,016 2,287,655 1,933,488 354,167 543,848 474,66 5 69,183
40.0% 41.3% 31.9% 61.1% 60.7% 63.3% 66.3% 68.5% 50.8%
関西電力 中国電力 四国電力
電灯 電力 電灯 電力 電灯 電力
1,318,934 1,052,812 266,122 375,075 290,831 84,244 244,508 197,417 47,0 91
1,314,797 1,259,749 55,048 784,750 744,214 40,536 382,495 337,588 44,90 7
2,633,731 2,312,561 321,170 1,159,825 1,035,045 124,780 627,003 535,00 5 91,998
49.9% 54.5% 17.1% 67.7% 71.9% 32.5% 61.0% 63.1% 48.8%
九州電力 沖縄電力 合計
電灯 電力 電灯 電力 電灯 電力
901,934 654,455 247,479 169,859 169,859 - 8,410,598 6,867,362 1,543,236
1,128,291 1,056,634 71,657 89,823 89,823 - 8,393,077 7,626,696 766,381
2,030,225 1,711,089 319,136 259,682 259,682 - 16,803,675 14,494,058 2,3 09,617
55.6% 61.8% 22.5% 34.6% 34.6% - 50.0% 52.6% 33.2%低圧計 低圧計 低圧計供給種別 低圧計 低圧計
低圧計 低圧計 低圧計販売
電力量
(単位:MWh)規制料金自由料金
合計
自由/合計
低圧計 低圧計 低圧計
令和5年7月分 
                       
 
 
5 
 
（２）販売額について 
今月分の販売額の実績については、表６から表９に示しており、各表の意義は以
下のとおりです。  
表６：全小売電気事業者の販売額の合計値（電圧種別／エリア別） 表７：新電力の販売額の合計値（電圧種別／全国） 
（あわせて、電圧種別の販売額（全国）に占める新電力の販売額の割合も 記載。） 
表８：みなし小売電気事業者の販売額の合計値（電圧種別／全国） 表９：旧供給区域において、みなし小売電気事業者の販売額（低圧）に占める 
自由料金メニューの割合（全国） 
 
【表６】  全小売電気事業者の販売額（電圧種別／エリア別） 
電灯 電力
北海道 5,517,000 25,919,818 24,245,907 21,140,602 3,105,305 55,682,725
東北 39,889,686 66,964,092 50,421,857 43,018,754 7,403,102 157,275,634
東京 132,310,350 178,402,664 213,950,439 188,350,200 25,600,239 524,663,4 54
中部 70,831,178 84,297,047 75,637,567 64,512,101 11,125,466 230,765,792
北陸 13,680,593 23,391,097 15,237,226 12,905,279 2,331,947 52,308,915
関西 71,224,488 75,940,822 82,475,677 72,664,204 9,811,473 229,640,988
中国 37,203,897 38,072,904 35,234,149 30,732,243 4,501,906 110,510,950
四国 8,268,710 20,735,491 18,330,698 15,216,732 3,113,966 47,334,899
九州 30,443,781 45,221,425 51,958,202 43,612,294 8,345,908 127,623,408
沖縄 3,418,482 5,820,762 9,417,572 8,271,034 1,146,538 18,656,816
全国計 412,788,166 564,766,121 576,909,294 500,423,444 76,485,851 1,554,463 ,581供給
区域特別高圧 高圧 低圧計 合計販売額　合計（単位：千円）
令和5年7月分 
【表７】  新電力の販売額及び割合（電圧種別／全国） 
電灯 電力
全国 22,991,371 102,053,962 161,019,359 146,662,174 14,357,186 286,064,69 2
新電力/全体 5.6% 18.1% 27.9% 29.3% 18.8% 18.4%
令和5年7月分合計 供給区域 特別高圧新電力　合計（単位：千円）
高圧 低圧計
 
【表８】  みなし小売電気事業者の販売額（電圧種別／全国） 
電灯 電力
全国 389,796,795 462,712,159 415,889,935 353,761,270 62,128,665 1,268,398 ,889合計
令和5年7月分供給区域 特別高圧 高圧 低圧計みなし小売電気事業者　合計（単位：千円）
※９ みなし小売電気事業者の旧供給区域外における販売実績を含む。 
  
 
                       
 
 
6 
 
【表９】  旧供給区域におけるみなし小売 電気事業者の販売額（低圧）に占める自由
料金メニューの割合（全国） 
低圧電灯 低圧電力
規制料金 213,083,394 170,302,782 42,780,612
自由料金 200,509,189 182,315,778 18,193,411
合計 413,592,583 352,618,560 60,974,023
自由/合計 48.5% 51.7% 29.8%
令和5年7月分全国合計
供給種別 低圧計
販売額
（単位：千円）
※１０ 沖縄の低圧電力を除く。 
 
 
（３）契約口数について 
今月分の契約口数の実績については、表１０から表１３に示しており、各表の意義
は以下のとおりです。 
 
表１０：全小売電気事業者の契約口数の合計値（電圧種別／エリア別） 表１１：新電力の契約口数の合計値（電圧種別／全国） 
    （ あ わ せ て 、 電 圧 種別の契約口数（全国）に占める新電力の契約口数の 
割合も記載。） 
表１２：みなし小売電気事業者の契約口数の合計値（電圧種別／全国） 表１３：旧供給区域において、みなし小売電気事業者の契約口数（低圧）に 
占める自由料金メニューの割合（全国） 
  
【表１０】   全小売電気事業者の契約口数（電圧種別／エリア別） 
電灯 電力
北海道 270 38,646 3,866,797 3,683,022 183,775 3,905,713
東北 1,061 87,470 7,842,240 7,177,363 664,877 7,930,771
東京 4,250 257,284 31,280,001 29,534,033 1,745,968 31,541,535
中部 1,491 121,192 11,051,059 10,205,607 845,452 11,173,742
北陸 234 25,200 2,160,196 1,984,592 175,604 2,185,630
関西 2,227 131,401 14,285,203 13,396,667 888,536 14,418,831
中国 773 56,083 5,393,216 5,033,826 359,390 5,450,072
四国 201 31,553 2,859,242 2,588,016 271,226 2,890,996
九州 889 81,882 9,162,950 8,406,668 756,282 9,245,721
沖縄 104 5,877 884,110 838,769 45,341 890,091
全国計 11,500 836,588 88,785,014 82,848,563 5,936,451 89,633,102合計供給
区域特別高圧 高圧 低圧計
令和5年7月分契約口数　合計（単位：件）
 
                       
 
 
7 
 
【表１１】   新電力の契約口数及び割合（電圧種別／全国） 
電灯 電力
全国 1,419 168,745 19,547,165 18,690,434 856,731 19,717,329
新電力/全体 12.3% 20.2% 22.0% 22.6% 14.4% 22.0%
令和5年7月分新電力　合計（単位：件）
合計 供給区域 特別高圧 高圧 低圧計
 
 
【表１２】   みなし小売電気事業 者の契約口数（電圧種別／全国） 
電灯 電力
全国 10,081 667,843 69,231,909 64,158,129 5,073,780 69,909,833低圧計 供給区域 特別高圧 高圧みなし小売電気事業者　合計（単位：件）
令和5年7月分合計
※１１ みなし小売電気事業者の旧供給区域外における販売実績を含む。  
 
 
【表１３】 旧供給区域におけるみなし小売電気事業者の契約口数（低圧）に占める  
自由料金メニューの割合（全国） 
低圧電灯 低圧電力
規制料金 46,813,221 43,209,758 3,603,463
自由料金 22,184,286 20,759,865 1,424,421
合計 68,997,507 63,969,623 5,027,884
自由/合計 32.2% 32.5% 28.3%
令和5年7月分全国合計
供給種別 低圧計
契約口数
（単位：件）
※１２ 沖縄の低圧電力を除く。 
 
 
（４）スイッチングの状況（低圧）について 
今月分のスイッチングの状況（低圧）の実績については、表１４及び表１５に示して
おり、各表の意義は以下のとおりです。 
 
表１４：低圧の契約のうち、みなし小売電気事業者から新電力等（域外に供給 
しているみなし小売電気事業者を含む。）への変更など、月間のスイッチ ング件数（エリア別） 
表１５：表１４について、平成２８年４月以降の数値を累積したもの（エリア別） 
 
                       
 
 
8 
 
【表１４】 小売電気事業者の月間スイッチング実績（エリア別） 
          （単位：件） 
変更内容みなし小売電気事業
者から新電力等
への変更新電力等から
みなし小売電気事業
者への変更新電力等から
新電力等への変更月間スイッチング
件数合計みなし小売電気事業
者の規制料金から自由料金への変更
北海道
2,803 2,344 30,170 35,317 2,588
東北 2,851 1,904 2,191 6,946 1,676
東京 20,066 15,659 22,720 58,445 4,574
中部 6,556 20,070 3,095 29,721 1,440
北陸 849 210 443 1,502 1,014
関西 6,759 17,753 9,302 33,814 1,326
中国 2,355 2,464 1,492 6,311 2,801
四国 1,125 1,384 1,065 3,574 1,488
九州 3,156 3,855 2,622 9,633 890
沖縄 978 157 297 1,432 1,809
合計 47,498 65,800 73,397 186,695 19,606
令和5年7月分 
 
 
【表１５】 小売電気事業者の累積スイッチング実績（エリア別／平成２８年４月以降） 
（単位：件） 
変更内容みなし小売電気事業
者から新電力等
への変更新電力等から
みなし小売電気事業
者への変更新電力等から
新電力等への変更スイッチング
件数合計みなし小売電気事業者
の規制料金から自由料
金への変更
北海道 895,953 169,335 169,623 1,234,911 275,919
東北 1,168,897 136,989 245,915 1,551,801 687,646
東京 9,754,272 966,370 2,521,790 13,242,432 2,543,390
中部 2,370,543 294,730 412,101 3,077,374 1,940,340
北陸 136,998 28,803 28,604 194,405 393,777
関西 4,011,697 698,192 873,543 5,583,432 2,008,936
中国 651,183 113,697 128,348 893,228 702,507
四国 401,790 66,674 85,553 554,017 386,122
九州 1,538,344 259,696 267,231 2,065,271 934,887
沖縄 115,020 14,625 7,226 136,871 178,009
合計 21,044,697 2,749,111 4,739,934 28,533,742 10,051,533
令和5年7月分 
※１３ 電力広域的運営推進機関から公表されている平成２８年４月以降の累積スイッチング件数との
数値の相違は、①電力広域的運営推進機関の情報には高圧のスイッチング件数が含まれるこ
と、②同機関へのスイッチング申請を行った後、実際にスイッチングが行われるまでに２～３週間程度のタイムラグが存在していること等による。 
 
  
 
  （本発表資料のお問い合わせ先） 
  電力・ガス取引監視等委員会事務局 
取引監視課長  下津 
担当者：安原、野崎、野村、髙森 電 話： 03-3501-1552（直通）
 
