PDF URL: https://www.emsc.meti.go.jp/info/public/pdf/20230324001a.pdf

                       
 
 
1 
 
 
令和５年３月２４日  
経済産業省 電力・ガス取引監視等委員会  
 
電力取引の状況（令和４年１２月分） 
 
 
  当委員会は、平成２８年４月から電力取引の監視に必要な情報について、電気事
業者及び卸電力取引所より定期的に情報収集を 行っており、今般、令和４年１２月分
の販売電力量等の実績について結果を公表します。 
 
※１ 令和５年３月３日時点における報告を集計。今後、事業者から修正の申請等があった場合、 
随時訂正する予定。 
※２ 電力取引報では、集計において事業者の過度の負担を避けるため、販売電力量と販売額につい
て N－１月検針日からN 月検針日前日までの実績をN月分として計上することを認めている。 
したがって、大宗の企業は検針日までの実績を報告しているため、実際のN月需要に対する実績とは一致しない。 
※３ 新電力とは、みなし小売電気事業者（旧一般電気事業者）以外の小売電気事業者を指す。 
※４ 自由料金メニューは、平成２８年３月末時点における旧選択約款に基づく電力供給実績を含む。 
※５ 規制料金メニューの販売実績については、電力調査統計から数値を記載。 ※６ 販売電力量の合計・新電力シェアについては、その他需要を含めず算出。 
※７ その他需要は、建設工事用電力と事業用電力の合計値であり、事業用電力は自社の設備及び
営業所のために供給する電力量を含む。 【主な指標】 
○全体の販売電力量       ６ ５ ２ 億k W h（対前年同月比  ４０億 kWh 減） 
○新電力シェア 
販売電力量ベース   １８．７％（対前年同月比  ３．０pt 減） 
      販売額ベース     ２１．８％（対前年同月比  １．７pt 減）       契約口数ベース    ２２．６％（対前年同月比  １．７pt 増） 
        
※低圧のみ      ２２．６％（対前年同月比   １．８pt 増 ） 
 
                       
 
 
2 
 
（１）販売電力量について 
今月分の販売電力量の実績については、表１から表５に示しており、各表の意義
は以下のとおりです。 
 
表１：全小売電気事業者（新電力及びみなし小売電気事業者。以下同じ。）の 
販売電力量の合計値（電圧種別／エリア別） 
表２：表１の数値のうち、新電力の数値を抽出したもの 
（あわせて、電圧種別の販売電力量（全国）に占める新電力の販売電力量 
の割合も記載。） 
表３：表１の数値のうち、みなし小売電気事業者の数値を抽出したもの 表４：旧供給区域（みなし小売電気事業者が、平成２８年３月以前に電力供給 
していた区域。以下同じ。）において、全小売電気事業者の販売電力量 
（低圧）に占める自由料金メニューの割合 
表５：表４のうち、みなし小売電気事業者の販売電力量（低圧）に占める自由料金 
   メ ニ ュ ー の割合を抽出したもの 
 
 
【表１】  全小売電気事業者の販売電力量（電圧種別／エリア別） 
電灯 電力
北海道 244,792 1,145,908 1,137,026 939,898 197,128 2,527,726 5,540
東北 1,643,468 2,545,820 2,397,946 2,154,802 243,144 6,587,234 3,480
東京 5,233,283 6,904,324 8,288,684 7,591,103 697,581 20,426,291 10,338
中部 3,113,271 3,426,349 3,130,942 2,787,873 343,070 9,670,563 6,174
北陸 596,940 902,169 833,695 752,397 81,299 2,332,804 1,739
関西 3,198,346 3,281,160 3,876,636 3,548,236 328,399 10,356,142 31,893
中国 1,482,554 1,337,527 1,657,202 1,522,411 134,791 4,477,283 12,772
四国 419,284 824,507 819,488 727,188 92,299 2,063,278 5,468
九州 1,543,814 2,077,651 2,578,306 2,279,184 299,121 6,199,771 11,574
沖縄 99,767 198,159 222,149 197,720 24,428 520,074 435
全国計 17,575,519 22,643,574 24,942,074 22,500,813 2,441,261 65,161,167 89,4 13その他需要
令和4年12月分販売電力量  合計(単位：MWh）
供給
区域特別高圧 高圧 低圧計 合計
 
 
                       
 
 
3 
 
【表２】  新電力の販売電力量及び割合（電圧種別／エリア別） 
電灯 電力
北海道 7,093 133,471 225,705 211,420 14,285 366,269 2,496
東北 48,610 397,648 403,126 370,063 33,063 849,384 2,144
東京 842,208 2,213,859 2,950,133 2,785,830 164,303 6,006,200 10,338
中部 49,683 594,605 727,857 673,728 54,130 1,372,146 5,810
北陸 13,785 129,018 54,596 46,145 8,452 197,399 184
関西 155,862 569,487 1,170,675 1,082,167 88,507 1,896,024 26,537
中国 39,885 250,256 199,929 172,913 27,016 490,070 3,584
四国 11,785 100,220 119,330 106,568 12,761 231,334 393
九州 43,759 234,794 453,492 408,725 44,766 732,045 5,189
沖縄 3,084 26,897 29,334 26,731 2,602 59,314 0
全国計 1,215,754 4,650,255 6,334,177 5,884,291 449,886 12,200,186 56,675
新電力/全体 6.9% 20.5% 25.4% 26.2% 18.4% 18.7% 63.4%特別高圧 高圧 低圧計 合計
令和4年12月分新電力  合計(単位：MWh）
その他需要供給
区域
 
 
【表３】  みなし小売電気事業者の販売電力量（電圧種別／エリア別） 
電灯 電力
北海道 237,699 1,012,437 911,321 728,478 182,843 2,161,457 3,044
東北 1,594,858 2,148,172 1,994,820 1,784,739 210,081 5,737,850 1,336
東京 4,391,075 4,690,465 5,338,551 4,805,273 533,278 14,420,091 0
中部 3,063,588 2,831,744 2,403,085 2,114,145 288,940 8,298,417 364
北陸 583,155 773,151 779,099 706,252 72,847 2,135,405 1,555
関西 3,042,484 2,711,673 2,705,961 2,466,069 239,892 8,460,118 5,356
中国 1,442,669 1,087,271 1,457,273 1,349,498 107,775 3,987,213 9,188
四国 407,499 724,287 700,158 620,620 79,538 1,831,944 5,075
九州 1,500,055 1,842,857 2,124,814 1,870,459 254,355 5,467,726 6,385
沖縄 96,683 171,262 192,815 170,989 21,826 460,760 435
全国計 16,359,765 17,993,319 18,607,897 16,616,522 1,991,375 52,960,981 32,7 38供給
区域特別高圧 高圧 低圧計
令和4年12月分みなし小売電気事業者  合計(単位：MWh）
合計 その他需要
※８ みなし小売電気事業者の旧供給区域外における販売実績を含む。 
 
                       
 
 
4 
 
【表４】  旧供給区域における販売電力量（低圧）に占め る自由料金メニューの割合 
供給区域 北海道 東北
電灯 電力 電灯 電力
413,253 360,575 52,678 986,273 843,890 142,383723,773 579,323 144,450 1,411,673 1,310,912 100,761
1,137,026 939,898 197,128 2,397,946 2,154,802 243,144
63.7% 61.6% 73.3% 58.9% 60.8% 41.4%
東京 中部 北陸
電灯 電力 電灯 電力 電灯 電力
2,829,539 2,531,707 297,832 832,599 748,757 83,842 220,648 189,219 31,4 29
5,459,145 5,059,396 399,749 2,298,343 2,039,116 259,228 613,047 563,17 8 49,870
8,288,684 7,591,103 697,581 3,130,942 2,787,873 343,070 833,695 752,39 7 81,299
65.9% 66.7% 57.3% 73.4% 73.1% 75.6% 73.5% 74.9% 61.3%
関西 中国 四国
電灯 電力 電灯 電力 電灯 電力
1,158,354 978,795 179,559 411,914 343,706 68,208 239,088 205,717 33,371
2,718,282 2,569,441 148,840 1,245,288 1,178,705 66,583 580,400 521,471 58,928
3,876,636 3,548,236 328,399 1,657,202 1,522,411 134,791 819,488 727,18 8 92,299
70.1% 72.4% 45.3% 75.1% 77.4% 49.4% 70.8% 71.7% 63.8%
九州 沖縄 合計
電灯 電力 電灯 電力 電灯 電力
818,859 644,256 174,603 105,634 105,634 - 8,016,161 6,952,256 1,063,905
1,759,447 1,634,928 124,518 92,086 92,086 - 16,901,484 15,548,556 1,352 ,928
2,578,306 2,279,184 299,121 197,720 197,720 - 24,917,646 22,500,813 2,4 16,833
68.2% 71.7% 41.6% 46.6% 46.6% - 67.8% 69.1% 56.0%合計
自由/合計供給種別 低圧計 低圧計
低圧計 低圧計
低圧計販売
電力量
(単位:MWh)
令和4年12月分低圧計
低圧計 低圧計 低圧計
低圧計 低圧計規制料金
自由料金
 
 
【表５】  旧供給区域におけるみなし小売 電気事業者の販売電力量（低圧）に占める
自由料金メニューの割合 
供給区域 北海道電力 東北電力
電灯 電力 電灯 電力
413,253 360,575 52,678 986,273 843,890 142,383497,475 367,313 130,162 1,007,808 940,142 67,666
910,728 727,888 182,840 1,994,081 1,784,032 210,049
54.6% 50.5% 71.2% 50.5% 52.7% 32.2%
東京電力 中部電力 北陸電力
電灯 電力 電灯 電力 電灯 電力
2,829,539 2,531,707 297,832 832,599 748,757 83,842 220,648 189,219 31,4 29
2,463,711 2,241,021 222,690 1,563,508 1,358,850 204,658 558,264 516,86 4 41,400
5,293,250 4,772,728 520,522 2,396,107 2,107,607 288,500 778,912 706,08 3 72,829
46.5% 47.0% 42.8% 65.3% 64.5% 70.9% 71.7% 73.2% 56.9%
関西電力 中国電力 四国電力
電灯 電力 電灯 電力 電灯 電力
1,158,354 978,795 179,559 411,914 343,706 68,208 239,088 205,717 33,371
1,526,246 1,469,967 56,279 1,042,512 1,003,018 39,494 459,674 413,611 4 6,063
2,684,600 2,448,762 235,838 1,454,426 1,346,724 107,702 698,762 619,32 8 79,434
56.9% 60.0% 23.9% 71.7% 74.5% 36.7% 65.8% 66.8% 58.0%
九州電力 沖縄電力 合計
電灯 電力 電灯 電力 電灯 電力
818,859 644,256 174,603 105,634 105,634 - 8,016,161 6,952,256 1,063,905
1,304,845 1,225,160 79,685 65,355 65,355 - 10,489,398 9,601,301 888,097
2,123,704 1,869,416 254,288 170,989 170,989 - 18,505,559 16,553,557 1,9 52,002
61.4% 65.5% 31.3% 38.2% 38.2% - 56.7% 58.0% 45.5%低圧計 低圧計 低圧計供給種別 低圧計 低圧計
販売
電力量
(単位:MWh)規制料金自由料金
合計
自由/合計
低圧計 低圧計 低圧計
低圧計 低圧計 低圧計
令和4年12月分  
                       
 
 
5 
 
（２）販売額について 
今月分の販売額の実績については、表６から表９に示しており、各表の意義は以
下のとおりです。  
表６：全小売電気事業者の販売額の合計値（電圧種別／エリア別） 表７：新電力の販売額の合計値（電圧種別／全国） 
（あわせて、電圧種別の販売額（全国）に占める新電力の販売額の割合も 記載。） 
表８：みなし小売電気事業者の販売額の合計値（電圧種別／全国） 表９：旧供給区域において、みなし小売電気事業者の販売額（低圧）に占める 
自由料金メニューの割合（全国） 
 
【表６】  全小売電気事業者の販売額（電圧種別／エリア別） 
電灯 電力
北海道 6,200,979 31,344,298 36,872,347 30,726,050 6,146,296 74,417,624
東北 38,459,778 74,191,018 77,324,418 68,439,700 8,884,718 189,975,215
東京 135,982,754 202,762,817 284,051,143 256,945,877 27,105,267 622,796,7 14
中部 75,821,193 95,541,145 106,501,224 93,277,502 13,223,722 277,863,563
北陸 11,295,534 20,941,612 21,943,018 19,212,937 2,730,081 54,180,164
関西 66,866,956 81,649,725 110,500,199 99,553,272 10,946,927 259,016,880
中国 34,978,439 37,267,322 52,709,029 47,865,794 4,843,236 124,954,790
四国 7,808,850 19,177,269 23,617,711 20,435,297 3,182,414 50,603,830
九州 26,734,953 44,593,074 69,910,944 60,580,848 9,330,096 141,238,970
沖縄 2,022,860 4,588,136 6,722,482 5,853,222 869,260 13,333,478
全国計 406,172,296 612,056,415 790,152,516 702,890,499 87,262,017 1,808,381 ,227供給
区域特別高圧 高圧 低圧計 合計販売額　合計（単位：千円）
令和4年12月分 
 
【表７】  新電力の販売額及び割合（電圧種別／全国） 
電灯 電力
全国 32,440,714 139,056,043 222,201,640 203,984,138 18,217,502 393,698,39 7
新電力/全体 8.0% 22.7% 28.1% 29.0% 20.9% 21.8%
令和4年12月分合計 供給区域 特別高圧新電力　合計（単位：千円）
高圧 低圧計
 
 
【表８】  みなし小売電気事業者の販売額（電圧種別／全国） 
電灯 電力
全国 373,731,582 473,000,372 567,950,876 498,906,361 69,044,515 1,414,682 ,830合計
令和4年12月分供給区域 特別高圧 高圧 低圧計みなし小売電気事業者　合計（単位：千円）
※９ みなし小売電気事業者の旧供給区域外における販売実績を含む。 
                       
 
 
6 
 
【表９】  旧供給区域におけるみなし小売 電気事業者の販売額（低圧）に占める自由
料金メニューの割合（全国） 
低圧電灯 低圧電力
規制料金 235,544,803 196,559,481 38,985,322
自由料金 329,030,982 300,260,305 28,770,677
合計 564,575,785 496,819,786 67,755,999
自由/合計 58.3% 60.4% 42.5%
令和4年12月分全国合計
供給種別 低圧計
販売額
（単位：千円）
※１０ 沖縄の低圧電力を除く。 
 
 
（３）契約口数について 
今月分の契約口数の実績については、表１０から表１３に示しており、各表の意義
は以下のとおりです。 
 
表１０：全小売電気事業者の契約口数の合計値（電圧種別／エリア別） 表１１：新電力の契約口数の合計値（電圧種別／全国） 
    （ あ わ せ て 、 電 圧 種別の契約口数（全国）に占める新電力の契約口数の 
割合も記載。） 
表１２：みなし小売電気事業者の契約口数の合計値（電圧種別／全国） 表１３：旧供給区域において、みなし小売電気事業者の契約口数（低圧）に 
占める自由料金メニューの割合（全国） 
  
【表１０】   全小売電気事業者の契約口数（電圧種別／エリア別） 
電灯 電力
北海道 274 38,099 4,006,620 3,683,459 323,161 4,044,993
東北 1,038 82,098 7,902,458 7,196,536 705,922 7,985,594
東京 4,007 247,117 31,140,031 29,429,512 1,710,519 31,391,155
中部 1,450 115,599 11,034,736 10,183,860 850,876 11,151,785
北陸 230 24,470 2,171,124 1,982,226 188,898 2,195,824
関西 2,175 127,765 14,238,846 13,352,790 886,056 14,368,786
中国 749 53,375 5,397,371 5,039,418 357,953 5,451,495
四国 204 31,310 2,858,581 2,593,498 265,083 2,890,095
九州 883 79,204 9,140,905 8,398,426 742,479 9,220,992
沖縄 104 5,891 882,255 836,535 45,720 888,250
全国計 11,114 804,928 88,772,927 82,696,260 6,076,667 89,588,969合計供給
区域特別高圧 高圧 低圧計
令和4年12月分契約口数　合計（単位：件）
 
                       
 
 
7 
 
【表１１】   新電力の契約口数及び割合（電圧種別／全国） 
電灯 電力
全国 1,647 187,764 20,020,302 19,104,144 916,158 20,209,713
新電力/全体 14.8% 23.3% 22.6% 23.1% 15.1% 22.6%
令和4年12月分新電力　合計（単位：件）
合計 供給区域 特別高圧 高圧 低圧計
 
 
【表１２】   みなし小売電気事業 者の契約口数（電圧種別／全国） 
電灯 電力
全国 9,467 617,164 68,752,625 63,592,116 5,160,509 69,379,256低圧計 供給区域 特別高圧 高圧みなし小売電気事業者　合計（単位：件）
令和4年12月分合計
※１１ みなし小売電気事業者の旧供給区域外における販売実績を含む。  
 
 
【表１３】 旧供給区域におけるみなし小売電気事業者の契約口数（低圧）に占める  
自由料金メニューの割合（全国） 
低圧電灯 低圧電力
規制料金 46,179,017 42, 760,528 3,418,489
自由料金 22,293,783 20, 602,703 1,691,080
合計 68,472,800 63,363,231 5,109,569
自由/合計 32.6% 32.5% 33.1%
令和4年12月分全国合計
供給種別 低圧計
契約口数
（単位：件）
※１２ 沖縄の低圧電力を除く。 
 
 
（４）スイッチングの状況（低圧）について 
今月分のスイッチングの状況（低圧）の実績については、表１４及び表１５に示して
おり、各表の意義は以下のとおりです。 
 
表１４：低圧の契約のうち、みなし小売電気事業者から新電力等（域外に供給 
しているみなし小売電気事業者を含む。）への変更など、月間のスイッチ ング件数（エリア別） 
表１５：表１４について、平成２８年４月以降の数値を累積したもの（エリア別） 
 
                       
 
 
8 
 
【表１４】 小売電気事業者の月間スイッチング実績（エリア別） 
          （単位：件） 
変更内容みなし小売電気事業
者から新電力等
への変更新電力等から
みなし小売電気事業
者への変更新電力等から
新電力等への変更月間スイッチング
件数合計みなし小売電気事業
者の規制料金から自由料金への変更
北海道
2,475 3,939 5,730 12,144 642
東北 2,409 5,394 2,686 10,489 553
東京 20,178 32,436 36,905 89,519 3,374
中部 13,616 10,157 5,515 29,288 1,717
北陸 261 1,839 416 2,516 405
関西 6,976 23,589 14,716 45,281 2,044
中国 2,605 5,573 3,039 11,217 1,118
四国 912 5,224 1,137 7,273 1,607
九州 5,360 8,936 4,246 18,542 1,173
沖縄 2,265 1,284 549 4,098 823
合計 57,057 98,371 74,939 230,367 13,456
令和4年12月分 
 
 
【表１５】 小売電気事業者の累積スイッチング実績（エリア別／平成２８年４月以降） 
（単位：件） 
変更内容みなし小売電気事業
者から新電力等
への変更新電力等から
みなし小売電気事業
者への変更新電力等から
新電力等への変更スイッチング
件数合計みなし小売電気事業者
の規制料金から自由料
金への変更
北海道 879,673 128,824 124,835 1,133,332 267,906
東北 1,152,903 97,497 222,730 1,473,130 682,246
東京 9,614,145 707,230 2,330,276 12,651,651 2,519,833
中部 2,317,800 209,822 372,269 2,899,891 1,924,927
北陸 127,906 23,639 25,831 177,376 390,112
関西 3,964,561 481,386 786,312 5,232,259 1,998,311
中国 630,582 85,717 108,257 824,556 691,620
四国 395,493 47,933 74,979 518,405 377,533
九州 1,510,408 205,087 236,417 1,951,912 927,750
沖縄 104,830 10,861 4,769 120,460 170,554
合計 20,698,301 1,997,996 4,286,675 26,982,972 9,950,792
令和4年12月分 
※１３ 電力広域的運営推進機関から公表されている平成２８年４月以降の累積スイッチング件数との
数値の相違は、①電力広域的運営推進機関の情報には高圧のスイッチング件数が含まれるこ
と、②同機関へのスイッチング申請を行った後、実際にスイッチングが行われるまでに２～３週間程度のタイムラグが存在していること等による。 
 
  
 
  （本発表資料のお問い合わせ先） 
  電力・ガス取引監視等委員会事務局 
取引監視課長  池田 
担当者：安原、嶋田、守田、髙森 電 話： 03-3501-1552（直通）
 
