PDF URL: https://www.emsc.meti.go.jp/info/public/pdf/20230619001a.pdf

                       
 
 
1 
 
 
令和５年６月１９日  
経済産業省 電力・ガス取引監視等委員会  
 
電力取引の状況（令和５年３月分） 
 
 
  当委員会は、平成２８年４月から電力取引の監視に必要な情報について、電気事
業者及び卸電力取引所より定期的に情報収集を行っており、今般、令和５年３月分の販売電力量等の実績について結果を公表します。 
 
※１ 令和５年６月５日時点における報告を集計。今後、事業者から修正の申請等があった場合、 
随時訂正する予定。 
※２ 電力取引報では、集計において事業者の過度の負担を避けるため、販売電力量と販売額につい
て N－１月検針日からN 月検針日前日までの実績をN月分として計上することを認めている。 
したがって、大宗の企業は検針日までの実績を報告しているため、実際のN月需要に対する実績とは一致しない。 
※３ 新電力とは、みなし小売電気事業者（旧一般電気事業者）以外の小売電気事業者を指す。 
※４ 自由料金メニューは、平成２８年３月末時点における旧選択約款に基づく電力供給実績を含む。 
※５ 規制料金メニューの販売実績については、電力調査統計から数値を記載。 ※６ 販売電力量の合計・新電力シェアについては、その他需要を含めず算出。 
※７ その他需要は、建設工事用電力と事業用電力の合計値であり、事業用電力は自社の設備及び
営業所のために供給する電力量を含む。 【主な指標】 
○全体の販売電力量       ６ ５ ８ 億k W h（対前年同月比 ７９億 kWh 減） 
○新電力シェア 
販売電力量ベース   １７．７％（対前年同月比  ３．６pt 減） 
      販売額ベース     ２０．５％（対前年同月比  ２．７pt 減）       契約口数ベース    ２２．５％（対前年同月比  ０．９pt 増） 
        
※低圧のみ      ２２．５％（対前年同月比   １．０pt 増 ） 
 
                       
 
 
2 
 
（１）販売電力量について 
今月分の販売電力量の実績については、表１から表５に示しており、各表の意義
は以下のとおりです。 
 
表１：全小売電気事業者（新電力及びみなし小売電気事業者。以下同じ。）の 
販売電力量の合計値（電圧種別／エリア別） 
表２：表１の数値のうち、新電力の数値を抽出したもの 
（あわせて、電圧種別の販売電力量（全国）に占める新電力の販売電力量 
の割合も記載。） 
表３：表１の数値のうち、みなし小売電気事業者の数値を抽出したもの 表４：旧供給区域（みなし小売電気事業者が、平成２８年３月以前に電力供給 
していた区域。以下同じ。）において、全小売電気事業者の販売電力量 
（低圧）に占める自由料金メニューの割合 
表５：表４のうち、みなし小売電気事業者の販売電力量（低圧）に占める自由料金 
   メ ニ ュ ー の割合を抽出したもの 
 
 
【表１】  全小売電気事業者の販売電力量（電圧種別／エリア別） 
電灯 電力
北海道 244,166 995,834 1,173,359 924,904 248,454 2,413,359 4,911
東北 1,542,581 2,395,875 2,567,368 2,285,568 281,800 6,505,824 2,795
東京 5,127,041 6,604,350 8,577,578 7,840,832 736,746 20,308,969 9,950
中部 3,124,872 3,458,552 3,413,679 3,025,837 387,842 9,997,103 5,155
北陸 590,064 826,535 846,368 765,275 81,093 2,262,967 2,486
関西 3,165,868 3,354,063 4,297,146 3,923,558 373,588 10,817,077 36,777
中国 1,440,171 1,321,624 1,723,405 1,579,209 144,196 4,485,199 12,193
四国 432,551 754,352 926,565 820,516 106,050 2,113,468 4,525
九州 1,525,360 2,100,613 2,772,642 2,438,542 334,100 6,398,615 7,294
沖縄 94,694 162,822 198,641 179,564 19,076 456,156 348
全国計 17,287,367 21,974,620 26,496,750 23,783,805 2,712,945 65,758,738 86,4 34
令和5年3月分販売電力量  合計(単位：MWh）
供給
区域特別高圧 高圧 低圧計 合計 その他需要
 
 
                       
 
 
3 
 
【表２】  新電力の販売電力量及び割合（電圧種別／エリア別） 
電灯 電力
北海道 19,232 115,986 213,681 200,104 13,576 348,899 2,056
東北 40,209 341,221 386,711 352,305 34,406 768,141 1,341
東京 821,747 2,011,121 2,955,280 2,787,077 168,203 5,788,148 9,950
中部 52,242 528,640 693,661 636,644 57,017 1,274,543 4,678
北陸 12,457 109,909 50,174 42,495 7,679 172,540 115
関西 153,190 489,832 1,232,377 1,136,220 96,157 1,875,399 31,630
中国 37,637 213,864 201,054 173,332 27,722 452,554 3,398
四国 13,437 84,732 114,906 101,271 13,636 213,075 111
九州 28,900 199,514 430,817 385,027 45,790 659,231 1,218
沖縄 3,170 24,083 27,280 25,228 2,051 54,532 0
全国計 1,182,220 4,118,902 6,305,940 5,839,703 466,237 11,607,063 54,497
新電力/全体 6.8% 18.7% 23.8% 24.6% 17.2% 17.7% 63.1%供給
区域
令和5年3月分新電力  合計(単位：MWh）
その他需要 特別高圧 高圧 低圧計 合計
 
 
【表３】  みなし小売電気事業者の販売電力量（電圧種別／エリア別） 
電灯 電力
北海道 224,934 879,848 959,678 724,800 234,878 2,064,460 2,855
東北 1,502,372 2,054,654 2,180,657 1,933,263 247,394 5,737,683 1,454
東京 4,305,294 4,593,229 5,622,298 5,053,755 568,543 14,520,821 0
中部 3,072,630 2,929,912 2,720,018 2,389,193 330,825 8,722,560 477
北陸 577,607 716,626 796,194 722,780 73,414 2,090,427 2,371
関西 3,012,678 2,864,231 3,064,769 2,787,338 277,431 8,941,678 5,147
中国 1,402,534 1,107,760 1,522,351 1,405,877 116,474 4,032,645 8,795
四国 419,114 669,620 811,659 719,245 92,414 1,900,393 4,414
九州 1,496,460 1,901,099 2,341,825 2,053,515 288,310 5,739,384 6,076
沖縄 91,524 138,739 171,361 154,336 17,025 401,624 348
全国計 16,105,147 17,855,718 20,190,810 17,944,102 2,246,708 54,151,675 31,9 37みなし小売電気事業者  合計(単位：MWh）
合計 その他需要
令和5年3月分供給
区域特別高圧 高圧 低圧計
※８ みなし小売電気事業者の旧供給区域外における販売実績を含む。 
 
                       
 
 
4 
 
【表４】  旧供給区域における販売電力量（低圧）に占め る自由料金メニューの割合 
供給区域 北海道 東北
電灯 電力 電灯 電力
416,914 360,394 56,520 1,073,471 910,943 162,528756,445 564,510 191,934 1,493,897 1,374,625 119,272
1,173,359 924,904 248,454 2,567,368 2,285,568 281,800
64.5% 61.0% 77.3% 58.2% 60.1% 42.3%
東京 中部 北陸
電灯 電力 電灯 電力 電灯 電力
3,071,863 2,729,763 342,100 961,460 856,219 105,241 219,959 187,415 32, 544
5,505,715 5,111,069 394,646 2,452,219 2,169,618 282,601 626,409 577,86 0 48,549
8,577,578 7,840,832 736,746 3,413,679 3,025,837 387,842 846,368 765,27 5 81,093
64.2% 65.2% 53.6% 71.8% 71.7% 72.9% 74.0% 75.5% 59.9%
関西 中国 四国
電灯 電力 電灯 電力 電灯 電力
1,324,658 1,112,953 211,705 427,973 352,834 75,139 275,637 235,008 40,6 29
2,972,488 2,810,605 161,883 1,295,432 1,226,375 69,057 650,928 585,508 65,421
4,297,146 3,923,558 373,588 1,723,405 1,579,209 144,196 926,565 820,51 6 106,050
69.2% 71.6% 43.3% 75.2% 77.7% 47.9% 70.3% 71.4% 61.7%
九州 沖縄 合計
電灯 電力 電灯 電力 電灯 電力
894,492 699,456 195,036 94,694 94,694 - 8,761,121 7,539,679 1,221,442
1,878,150 1,739,086 139,064 84,870 84,870 - 17,716,553 16,244,126 1,472 ,427
2,772,642 2,438,542 334,100 179,564 179,564 - 26,477,674 23,783,805 2,6 93,869
67.7% 71.3% 41.6% 47.3% 47.3% - 66.9% 68.3% 54.7%
令和5年3月分低圧計
低圧計 低圧計 低圧計
低圧計 低圧計規制料金
自由料金
合計
自由/合計供給種別 低圧計 低圧計
低圧計 低圧計
低圧計販売
電力量
(単位:MWh)
 
 
【表５】  旧供給区域におけるみなし小売 電気事業者の販売電力量（低圧）に占める
自由料金メニューの割合 
供給区域 北海道電力 東北電力
電灯 電力 電灯 電力
416,914 360,394 56,520 1,073,471 910,943 162,528542,217 363,864 178,353 1,106,354 1,021,541 84,813
959,131 724,258 234,873 2,179,825 1,932,484 247,341
56.5% 50.2% 75.9% 50.8% 52.9% 34.3%
東京電力 中部電力 北陸電力
電灯 電力 電灯 電力 電灯 電力
3,071,863 2,729,763 342,100 961,460 856,219 105,241 219,959 187,415 32, 544
2,508,311 2,293,421 214,890 1,750,983 1,525,900 225,083 576,033 535,18 8 40,845
5,580,174 5,023,184 556,990 2,712,443 2,382,119 330,324 795,992 722,60 3 73,389
45.0% 45.7% 38.6% 64.6% 64.1% 68.1% 72.4% 74.1% 55.7%
関西電力 中国電力 四国電力
電灯 電力 電灯 電力 電灯 電力
1,324,658 1,112,953 211,705 427,973 352,834 75,139 275,637 235,008 40,6 29
1,716,888 1,655,395 61,493 1,090,625 1,049,386 41,239 534,108 482,424 5 1,684
3,041,546 2,768,348 273,198 1,518,598 1,402,220 116,378 809,745 717,43 2 92,313
56.5% 59.8% 22.5% 71.8% 74.8% 35.4% 66.0% 67.2% 56.0%
九州電力 沖縄電力 合計
電灯 電力 電灯 電力 電灯 電力
894,492 699,456 195,036 94,694 94,694 - 8,761,121 7,539,679 1,221,442
1,446,186 1,352,992 93,194 59,642 59,642 - 11,331,347 10,339,753 991,59 4
2,340,678 2,052,448 288,230 154,336 154,336 - 20,092,468 17,879,432 2,2 13,036
61.8% 65.9% 32.3% 38.6% 38.6% - 56.4% 57.8% 44.8%
令和5年3月分低圧計 低圧計 低圧計低圧計 低圧計 低圧計供給種別 低圧計 低圧計
販売
電力量
(単位:MWh)規制料金自由料金
合計
自由/合計
低圧計 低圧計 低圧計
 
                       
 
 
5 
 
（２）販売額について 
今月分の販売額の実績については、表６から表９に示しており、各表の意義は以
下のとおりです。  
表６：全小売電気事業者の販売額の合計値（電圧種別／エリア別） 表７：新電力の販売額の合計値（電圧種別／全国） 
（あわせて、電圧種別の販売額（全国）に占める新電力の販売額の割合も 記載。） 
表８：みなし小売電気事業者の販売額の合計値（電圧種別／全国） 表９：旧供給区域において、みなし小売電気事業者の販売額（低圧）に占める 
自由料金メニューの割合（全国） 
 
【表６】  全小売電気事業者の販売額（電圧種別／エリア別） 
電灯 電力
北海道 5,868,376 24,598,075 30,198,301 24,186,023 6,012,278 60,664,752
東北 37,266,024 65,524,073 65,782,179 57,939,097 7,843,083 168,572,276
東京 125,640,187 169,847,958 238,044,938 215,004,285 23,040,654 533,533,0 84
中部 75,549,600 83,979,160 92,875,787 81,093,028 11,782,759 252,404,547
北陸 11,377,292 16,955,312 16,863,908 14,769,142 2,094,766 45,196,512
関西 67,593,042 74,845,490 96,054,426 86,725,841 9,328,585 238,492,958
中国 34,956,011 33,261,322 44,472,368 40,327,087 4,145,281 112,689,702
四国 8,544,885 15,447,039 20,796,628 18,002,736 2,793,893 44,788,553
九州 27,409,644 40,617,006 57,705,190 49,832,321 7,872,869 125,731,839
沖縄 1,872,934 3,478,436 4,754,286 4,105,821 648,465 10,105,656
全国計 396,077,996 528,553,872 667,548,012 591,985,380 75,562,632 1,592,179 ,880販売額　合計（単位：千円）
令和5年3月分供給
区域特別高圧 高圧 低圧計 合計
 
 
【表７】  新電力の販売額及び割合（電圧種別／全国） 
電灯 電力
全国 30,394,459 112,601,729 183,326,931 167,797,090 15,529,841 326,323,11 9
新電力/全体 7.7% 21.3% 27.5% 28.3% 20.6% 20.5%新電力　合計（単位：千円）
高圧 低圧計
令和5年3月分合計 供給区域 特別高圧
 
 
【表８】  みなし小売電気事業者の販売額（電圧種別／全国） 
電灯 電力
全国 365,683,537 415,952,143 484,221,081 424,188,290 60,032,791 1,265,856 ,761みなし小売電気事業者　合計（単位：千円）
令和5年3月分供給区域 特別高圧 高圧 低圧計 合計
※９ みなし小売電気事業者の旧供給区域外における販売実績を含む。 
                       
 
 
6 
 
【表９】  旧供給区域におけるみなし小売 電気事業者の販売額（低圧）に占める自由
料金メニューの割合（全国） 
低圧電灯 低圧電力
規制料金 200,529,207 166,395,503 34,133,704
自由料金 280,991,041 256,045,867 24,945,174
合計 481,520,248 422,441,370 59,078,878
自由/合計 58.4% 60.6% 42.2%
令和5年3月分全国合計
供給種別 低圧計
販売額
（単位：千円）
※１０ 沖縄の低圧電力を除く。 
 
 
（３）契約口数について 
今月分の契約口数の実績については、表１０から表１３に示しており、各表の意義
は以下のとおりです。 
 
表１０：全小売電気事業者の契約口数の合計値（電圧種別／エリア別） 表１１：新電力の契約口数の合計値（電圧種別／全国） 
    （ あ わ せ て 、 電 圧 種別の契約口数（全国）に占める新電力の契約口数の 
割合も記載。） 
表１２：みなし小売電気事業者の契約口数の合計値（電圧種別／全国） 表１３：旧供給区域において、みなし小売電気事業者の契約口数（低圧）に 
占める自由料金メニューの割合（全国） 
  
【表１０】   全小売電気事業者の契約口数（電圧種別／エリア別） 
電灯 電力
北海道 274 37,882 4,049,365 3,686,579 362,786 4,087,521
東北 1,043 82,585 7,913,076 7,213,468 699,608 7,996,704
東京 4,051 248,771 31,217,008 29,513,536 1,703,472 31,469,830
中部 1,440 117,085 11,056,523 10,208,548 847,975 11,175,048
北陸 228 24,538 2,173,600 1,988,966 184,634 2,198,366
関西 2,120 129,620 14,238,123 13,358,500 879,623 14,369,863
中国 748 53,032 5,397,031 5,041,819 355,212 5,450,811
四国 197 30,964 2,857,496 2,594,813 262,683 2,888,657
九州 885 79,578 9,156,667 8,422,321 734,346 9,237,130
沖縄 106 5,947 889,800 843,981 45,819 895,853
全国計 11,092 810,002 88,948,689 82,872,531 6,076,158 89,769,783
令和5年3月分契約口数　合計（単位：件）
合計供給
区域特別高圧 高圧 低圧計
 
                       
 
 
7 
 
【表１１】   新電力の契約口数及び割合（電圧種別／全国） 
電灯 電力
全国 1,614 182,562 20,020,464 19,121,779 898,685 20,204,640
新電力/全体 14.6% 22.5% 22.5% 23.1% 14.8% 22.5%合計 供給区域 特別高圧 高圧 低圧計
令和5年3月分新電力　合計（単位：件）
 
 
【表１２】   みなし小売電気事業 者の契約口数（電圧種別／全国） 
電灯 電力
全国 9,478 627,440 68,928,225 63,750,752 5,177,473 69,565,143みなし小売電気事業者　合計（単位：件）
令和5年3月分合計 供給区域 特別高圧 高圧 低圧計
※１１ みなし小売電気事業者の旧供給区域外における販売実績を含む。  
 
 
【表１３】 旧供給区域におけるみなし小売電気事業者の契約口数（低圧）に占める  
自由料金メニューの割合（全国） 
低圧電灯 低圧電力
規制料金 46,417,838 42,986,196 3,431,642
自由料金 22,251,631 20,554,369 1,697,262
合計 68,669,469 63,540,565 5,128,904
自由/合計 32.4% 32.4% 33.1%
令和5年3月分全国合計
供給種別 低圧計
契約口数
（単位：件）
※１２ 沖縄の低圧電力を除く。 
 
 
（４）スイッチングの状況（低圧）について 
今月分のスイッチングの状況（低圧）の実績については、表１４及び表１５に示して
おり、各表の意義は以下のとおりです。 
 
表１４：低圧の契約のうち、みなし小売電気事業者から新電力等（域外に供給 
しているみなし小売電気事業者を含む。）への変更など、月間のスイッチ ング件数（エリア別） 
表１５：表１４について、平成２８年４月以降の数値を累積したもの（エリア別） 
 
                       
 
 
8 
 
【表１４】 小売電気事業者の月間スイッチング実績（エリア別） 
          （単位：件） 
変更内容みなし小売電気事業
者から新電力等
への変更新電力等から
みなし小売電気事業
者への変更新電力等から
新電力等への変更月間スイッチング
件数合計みなし小売電気事業
者の規制料金から自由料金への変更
北海道
2,578 7,167 1,744 11,489 465
東北 2,432 9,439 2,468 14,339 571
東京 18,883 46,657 28,537 94,077 3,423
中部 5,260 5,983 3,664 14,907 3,790
北陸 316 605 286 1,207 477
関西 7,214 61,828 14,238 83,280 1,901
中国 2,096 2,494 5,671 10,261 1,853
四国 1,044 4,485 1,032 6,561 1,207
九州 3,156 9,923 2,415 15,494 975
沖縄 1,594 500 356 2,450 1,023
合計 44,573 149,081 60,411 254,065 15,685
令和5年3月分 
 
 
【表１５】 小売電気事業者の累積スイッチング実績（エリア別／平成２８年４月以降） 
（単位：件） 
変更内容みなし小売電気事業
者から新電力等
への変更新電力等から
みなし小売電気事業
者への変更新電力等から
新電力等への変更スイッチング
件数合計みなし小売電気事業者
の規制料金から自由料
金への変更
北海道 885,428 143,485 133,616 1,162,529 269,711
東北 1,160,229 115,823 230,291 1,506,343 683,729
東京 9,668,152 800,781 2,413,557 12,882,490 2,530,209
中部 2,343,938 232,014 382,211 2,958,163 1,933,794
北陸 128,751 25,454 26,471 180,676 391,372
関西 3,984,402 623,126 826,200 5,433,728 2,003,557
中国 636,598 96,123 119,753 852,474 696,637
四国 398,324 60,016 80,739 539,079 381,507
九州 1,520,858 232,306 244,763 1,997,927 930,889
沖縄 110,451 12,739 5,919 129,109 173,613
合計 20,837,131 2,341,867 4,463,520 27,642,518 9,995,018
令和5年3月分 
※１３ 電力広域的運営推進機関から公表されている平成２８年４月以降の累積スイッチング件数との
数値の相違は、①電力広域的運営推進機関の情報には高圧のスイッチング件数が含まれるこ
と、②同機関へのスイッチング申請を行った後、実際にスイッチングが行われるまでに２～３週間程度のタイムラグが存在していること等による。 
 
  
 
  （本発表資料のお問い合わせ先） 
  電力・ガス取引監視等委員会事務局 
取引監視課長  池田 
担当者：安原、野崎、野村、髙森 電 話： 03-3501-1552（直通）
 
