PDF URL: https://www.emsc.meti.go.jp/info/public/pdf/20230815002a.pdf

                       
 
 
1 
 
 
令和５年８月１５日  
経済産業省 電力・ガス取引監視等委員会  
 
電力取引の状況（令和５年５月分） 
 
 
  当委員会は、平成２８年４月から電力取引の監視に必要な情報について、電気事
業者及び卸電力取引所より定期的に情報収集を行っており、今般、令和５年５月分の販売電力量等の実績について結果を公表します。 
 
※１ 令和５年８月１日時点における報告を集計。今後、事業者から修正の申請等があった場合、 
随時訂正する予定。 
※２ 電力取引報では、集計において事業者の過度の負担を避けるため、販売電力量と販売額につい
て N－１月検針日からN 月検針日前日までの実績をN月分として計上することを認めている。 
したがって、大宗の企業は検針日までの実績を報告しているため、実際のN月需要に対する実績とは一致しない。 
※３ 新電力とは、みなし小売電気事業者（旧一般電気事業者）以外の小売電気事業者を指す。 
※４ 自由料金メニューは、平成２８年３月末時点における旧選択約款に基づく電力供給実績を含む。 
※５ 規制料金メニューの販売実績については、電力調査統計から数値を記載。 ※６ 販売電力量の合計・新電力シェアについては、その他需要を含めず算出。 
※７ その他需要は、建設工事用電力と事業用電力の合計値であり、事業用電力は自社の設備及び
営業所のために供給する電力量を含む。 【主な指標】 
○全体の販売電力量       ５ ７ １ 億k W h（対前年同月比 ２５億 kWh 減） 
○新電力シェア 
販売電力量ベース   １５．２％（対前年同月比  ４．４pt 減） 
      販売額ベース     １７．２％（対前年同月比  ４．５pt 減）       契約口数ベース    ２２．２％（対前年同月比  ０．０pt） 
        
※低圧のみ      ２２．２％（対前年同月比   ０．０pt ） 
 
                       
 
 
2 
 
（１）販売電力量について 
今月分の販売電力量の実績については、表１から表５に示しており、各表の意義
は以下のとおりです。 
 
表１：全小売電気事業者（新電力及びみなし小売電気事業者。以下同じ。）の 
販売電力量の合計値（電圧種別／エリア別） 
表２：表１の数値のうち、新電力の数値を抽出したもの 
（あわせて、電圧種別の販売電力量（全国）に占める新電力の販売電力量 
の割合も記載。） 
表３：表１の数値のうち、みなし小売電気事業者の数値を抽出したもの 表４：旧供給区域（みなし小売電気事業者が、平成２８年３月以前に電力供給 
していた区域。以下同じ。）において、全小売電気事業者の販売電力量 
（低圧）に占める自由料金メニューの割合 
表５：表４のうち、みなし小売電気事業者の販売電力量（低圧）に占める自由料金 
   メ ニ ュ ー の割合を抽出したもの 
 
 
【表１】  全小売電気事業者の販売電力量（電圧種別／エリア別） 
電灯 電力
北海道 241,743 872,532 930,502 818,253 112,249 2,044,778 2,565
東北 1,491,856 2,086,470 1,860,669 1,643,772 216,897 5,438,996 1,949
東京 5,289,093 6,259,259 6,263,047 5,630,149 632,898 17,811,400 14,895
中部 3,054,879 3,164,444 2,464,434 2,164,538 299,896 8,683,756 6,562
北陸 537,109 753,891 617,766 550,262 67,504 1,908,766 1,481
関西 3,288,799 2,991,785 3,236,693 2,936,930 299,762 9,517,277 30,230
中国 1,351,548 1,215,720 1,254,165 1,143,400 110,765 3,821,433 12,667
四国 386,757 714,291 697,495 610,351 87,143 1,798,543 4,263
九州 1,550,201 1,982,518 2,080,982 1,811,343 269,639 5,613,700 7,650
沖縄 99,872 189,661 203,884 179,666 24,218 493,418 395
全国計 17,291,859 20,230,571 19,609,637 17,488,664 2,120,973 57,132,066 82,6 58その他需要
令和5年5月分販売電力量  合計(単位：MWh）
供給
区域特別高圧 高圧 低圧計 合計
 
 
                       
 
 
3 
 
【表２】  新電力の販売電力量及び割合（電圧種別／エリア別） 
電灯 電力
北海道 19,745 96,396 192,636 182,484 10,152 308,778 1,381
東北 65,353 281,719 275,903 256,543 19,360 622,976 913
東京 482,603 1,641,536 2,127,522 2,007,242 120,280 4,251,662 14,895
中部 39,748 401,532 495,639 463,514 32,125 936,918 6,135
北陸 1,617 71,285 36,486 31,594 4,892 109,388 88
関西 117,695 316,720 893,562 827,485 66,076 1,327,977 25,433
中国 51,854 167,202 143,829 128,020 15,809 362,885 3,162
四国 16,103 61,426 85,054 76,358 8,695 162,583 115
九州 30,948 187,100 322,894 288,639 34,255 540,941 1,553
沖縄 3,293 23,601 28,597 25,918 2,679 55,492 0
全国計 828,961 3,248,517 4,602,122 4,287,797 314,325 8,679,599 53,676
新電力/全体 4.8% 16.1% 23.5% 24.5% 14.8% 15.2% 64.9%特別高圧 高圧 低圧計 合計
令和5年5月分新電力  合計(単位：MWh）
その他需要供給
区域
 
 
【表３】  みなし小売電気事業者の販売電力量（電圧種別／エリア別） 
電灯 電力
北海道 221,998 776,136 737,866 635,769 102,097 1,736,000 1,184
東北 1,426,503 1,804,751 1,584,766 1,387,229 197,537 4,816,020 1,036
東京 4,806,490 4,617,723 4,135,525 3,622,907 512,618 13,559,738 0
中部 3,015,131 2,762,912 1,968,795 1,701,024 267,771 7,746,838 427
北陸 535,492 682,606 581,280 518,668 62,612 1,799,378 1,393
関西 3,171,104 2,675,065 2,343,131 2,109,445 233,686 8,189,300 4,797
中国 1,299,694 1,048,518 1,110,336 1,015,380 94,956 3,458,548 9,505
四国 370,654 652,865 612,441 533,993 78,448 1,635,960 4,148
九州 1,519,253 1,795,418 1,758,088 1,522,704 235,384 5,072,759 6,097
沖縄 96,579 166,060 175,287 153,748 21,539 437,926 395
全国計 16,462,898 16,982,054 15,007,515 13,200,867 1,806,648 48,452,467 28,9 82供給
区域特別高圧 高圧 低圧計
令和5年5月分みなし小売電気事業者  合計(単位：MWh）
合計 その他需要
※８ みなし小売電気事業者の旧供給区域外における販売実績を含む。 
 
                       
 
 
4 
 
【表４】  旧供給区域における販売電力量（低圧）に占め る自由料金メニューの割合 
供給区域 北海道 東北
電灯 電力 電灯 電力
396,599 336,600 59,999 857,843 709,181 148,662
533,903 481,653 52,250 1,002,826 934,591 68,235
930,502 818,253 112,249 1,860,669 1,643,772 216,897
57.4% 58.9% 46.6% 53.9% 56.9% 31.5%
東京 中部 北陸
電灯 電力 電灯 電力 電灯 電力
2,324,468 1,992,817 331,651 725,507 636,978 88,529 177,362 145,756 31,6 06
3,938,579 3,637,332 301,247 1,738,927 1,527,560 211,367 440,404 404,50 6 35,898
6,263,047 5,630,149 632,898 2,464,434 2,164,538 299,896 617,766 550,26 2 67,504
62.9% 64.6% 47.6% 70.6% 70.6% 70.5% 71.3% 73.5% 53.2%
関西 中国 四国
電灯 電力 電灯 電力 電灯 電力
1,067,202 892,087 175,115 327,755 267,468 60,287 217,248 182,141 35,1072,169,491 2,044,843 124,647 926,410 875,932 50,478 480,247 428,210 52,0 36
3,236,693 2,936,930 299,762 1,254,165 1,143,400 110,765 697,495 610,35 1 87,143
67.0% 69.6% 41.6% 73.9% 76.6% 45.6% 68.9% 70.2% 59.7%
九州 沖縄 合計
電灯 電力 電灯 電力 電灯 電力
699,167 538,472 160,695 97,585 97,585 - 6,890,736 5,799,085 1,091,651
1,381,815 1,272,871 108,944 82,081 82,081 - 12,694,682 11,689,579 1,005 ,104
2,080,982 1,811,343 269,639 179,666 179,666 - 19,585,418 17,488,664 2,0 96,755
66.4% 70.3% 40.4% 45.7% 45.7% - 64.8% 66.8% 47.9%合計
自由/合計供給種別 低圧計 低圧計
低圧計 低圧計
低圧計販売
電力量
(単位:MWh)
令和5年5月分低圧計
低圧計 低圧計 低圧計
低圧計 低圧計規制料金
自由料金
 
 
【表５】  旧供給区域におけるみなし小売 電気事業者の販売電力量（低圧）に占める
自由料金メニューの割合 
供給区域 北海道電力 東北電力
電灯 電力 電灯 電力
396,599 336,600 59,999 857,843 709,181 148,662
340,784 298,688 42,096 726,383 677,533 48,850
737,383 635,288 102,095 1,584,226 1,386,714 197,512
46.2% 47.0% 41.2% 45.9% 48.9% 24.7%
東京電力 中部電力 北陸電力
電灯 電力 電灯 電力 電灯 電力
2,324,468 1,992,817 331,651 725,507 636,978 88,529 177,362 145,756 31,6 06
1,793,838 1,614,331 179,507 1,237,687 1,058,806 178,881 403,787 372,79 8 30,989
4,118,306 3,607,148 511,158 1,963,194 1,695,784 267,410 581,149 518,55 4 62,595
43.6% 44.8% 35.1% 63.0% 62.4% 66.9% 69.5% 71.9% 49.5%
関西電力 中国電力 四国電力
電灯 電力 電灯 電力 電灯 電力
1,067,202 892,087 175,115 327,755 267,468 60,287 217,248 182,141 35,107
1,260,279 1,204,277 56,002 780,382 745,761 34,621 394,015 350,775 43,24 0
2,327,481 2,096,364 231,117 1,108,137 1,013,229 94,908 611,263 532,916 78,347
54.2% 57.5% 24.2% 70.4% 73.6% 36.5% 64.5% 65.8% 55.2%
九州電力 沖縄電力 合計
電灯 電力 電灯 電力 電灯 電力
699,167 538,472 160,695 97,585 97,585 - 6,890,736 5,799,085 1,091,651
1,058,097 983,476 74,621 56,163 56,163 - 8,051,415 7,362,608 688,807
1,757,264 1,521,948 235,316 153,748 153,748 - 14,942,151 13,161,693 1,7 80,458
60.2% 64.6% 31.7% 36.5% 36.5% - 53.9% 55.9% 38.7%低圧計 低圧計 低圧計供給種別 低圧計 低圧計
販売
電力量
(単位:MWh)規制料金自由料金
合計
自由/合計
低圧計 低圧計 低圧計
低圧計 低圧計 低圧計
令和5年5月分 
                       
 
 
5 
 
（２）販売額について 
今月分の販売額の実績については、表６から表９に示しており、各表の意義は以
下のとおりです。  
表６：全小売電気事業者の販売額の合計値（電圧種別／エリア別） 表７：新電力の販売額の合計値（電圧種別／全国） 
（あわせて、電圧種別の販売額（全国）に占める新電力の販売額の割合も 記載。） 
表８：みなし小売電気事業者の販売額の合計値（電圧種別／全国） 表９：旧供給区域において、みなし小売電気事業者の販売額（低圧）に占める 
自由料金メニューの割合（全国） 
 
【表６】  全小売電気事業者の販売額（電圧種別／エリア別） 
電灯 電力
北海道 6,528,296 25,273,564 24,291,568 21,250,686 3,040,882 56,093,428
東北 38,878,435 58,332,869 47,329,953 41,090,519 6,239,434 144,541,256
東京 121,850,536 152,380,548 174,667,262 154,105,978 20,561,284 448,898,3 47
中部 76,810,025 83,176,671 67,833,833 57,786,637 10,047,197 227,820,530
北陸 12,777,927 19,709,549 14,761,633 12,791,402 1,970,231 47,249,109
関西 67,726,991 66,879,407 72,227,081 63,558,660 8,668,421 206,833,478
中国 35,354,667 34,482,225 33,104,184 29,346,005 3,758,179 102,941,076
四国 8,130,484 16,682,178 15,928,692 13,333,603 2,595,089 40,741,354
九州 27,646,622 39,616,970 45,755,707 38,632,902 7,122,806 113,019,299
沖縄 2,950,563 4,645,810 5,276,715 4,520,598 756,117 12,873,088
全国計 398,654,545 501,179,792 501,176,628 436,416,989 64,759,639 1,401,010 ,965供給
区域特別高圧 高圧 低圧計 合計販売額　合計（単位：千円）
令和5年5月分 
【表７】  新電力の販売額及び割合（電圧種別／全国） 
電灯 電力
全国 20,688,486 84,356,404 135,644,522 123,575,998 12,068,524 240,689,412
新電力/全体 5.2% 16.8% 27.1% 28.3% 18.6% 17.2%
令和5年5月分合計 供給区域 特別高圧新電力　合計（単位：千円）
高圧 低圧計
 
【表８】  みなし小売電気事業者の販売額（電圧種別／全国） 
電灯 電力
全国 377,966,059 416,823,388 365,532,106 312,840,991 52,691,115 1,160,321 ,553合計
令和5年5月分供給区域 特別高圧 高圧 低圧計みなし小売電気事業者　合計（単位：千円）
※９ みなし小売電気事業者の旧供給区域外における販売実績を含む。 
   
                       
 
 
6 
 
【表９】  旧供給区域におけるみなし小売 電気事業者の販売額（低圧）に占める自由
料金メニューの割合（全国） 
低圧電灯 低圧電力
規制料金 164,130,498 130,405,254 33,725,244自由料金 199,594,412 181,418,183 18,176,229
合計 363,724,910 311,823,437 51,901,473
自由/合計 54.9% 58.2% 35.0%
令和5年5月分全国合計
供給種別 低圧計
販売額
（単位：千円）
※１０ 沖縄の低圧電力を除く。 
 
 
（３）契約口数について 
今月分の契約口数の実績については、表１０から表１３に示しており、各表の意義
は以下のとおりです。 
 
表１０：全小売電気事業者の契約口数の合計値（電圧種別／エリア別） 
表１１：新電力の契約口数の合計値（電圧種別／全国） 
    （ あ わ せ て 、 電 圧 種別の契約口数（全国）に占める新電力の契約口数の 
割合も記載。） 
表１２：みなし小売電気事業者の契約口数の合計値（電圧種別／全国） 表１３：旧供給区域において、みなし小売電気事業者の契約口数（低圧）に 
占める自由料金メニューの割合（全国） 
  【表１０】   全小売電気事業者の契約口数（電圧種別／エリア別） 
電灯 電力
北海道 265 38,412 3,921,301 3,676,822 244,479 3,959,978
東北 1,056 86,514 7,845,360 7,178,377 666,983 7,932,930
東京 4,231 254,674 31,300,766 29,552,047 1,748,719 31,559,671
中部 1,480 120,643 11,057,664 10,209,007 848,657 11,179,787
北陸 233 25,069 2,162,060 1,984,930 177,130 2,187,362
関西 2,226 130,663 14,278,694 13,390,783 887,911 14,411,583
中国 771 55,457 5,396,467 5,038,734 357,733 5,452,695
四国 207 31,531 2,860,767 2,590,389 270,378 2,892,505
九州 880 81,027 9,149,950 8,410,178 739,772 9,231,857
沖縄 104 5,897 888,573 842,839 45,734 894,574
全国計 11,453 829,887 88,861,602 82,874,106 5,987,496 89,702,942合計供給
区域特別高圧 高圧 低圧計
令和5年5月分契約口数　合計（単位：件）
 
                       
 
 
7 
 
【表１１】   新電力の契約口数及び割合（電圧種別／全国） 
電灯 電力
全国 1,385 167,642 19,736,228 18,866,061 870,167 19,905,255
新電力/全体 12.1% 20.2% 22.2% 22.8% 14.5% 22.2%
令和5年5月分新電力　合計（単位：件）
合計 供給区域 特別高圧 高圧 低圧計
 
 
【表１２】   みなし小売電気事業 者の契約口数（電圧種別／全国） 
電灯 電力
全国 10,068 662,245 69,125,374 64,008,045 5,117,329 69,797,687低圧計 供給区域 特別高圧 高圧みなし小売電気事業者　合計（単位：件）
令和5年5月分合計
※１１ みなし小売電気事業者の旧供給区域外における販売実績を含む。  
 
 
【表１３】 旧供給区域におけるみなし小売電気事業者の契約口数（低圧）に占める  
自由料金メニューの割合（全国） 
低圧電灯 低圧電力
規制料金 46,778,309 43,204,616 3,573,693自由料金 22,105,479 20,608,095 1,497,384
合計 68,883,788 63,812,711 5,071,077
自由/合計 32.1% 32.3% 29.5%
令和5年5月分全国合計
供給種別 低圧計
契約口数
（単位：件）
※１２ 沖縄の低圧電力を除く。 
 
 
（４）スイッチングの状況（低圧）について 
今月分のスイッチングの状況（低圧）の実績については、表１４及び表１５に示して
おり、各表の意義は以下のとおりです。 
 
表１４：低圧の契約のうち、みなし小売電気事業者から新電力等（域外に供給 
しているみなし小売電気事業者を含む。）への変更など、月間のスイッチ ング件数（エリア別） 
表１５：表１４について、平成２８年４月以降の数値を累積したもの（エリア別） 
 
                       
 
 
8 
 
【表１４】 小売電気事業者の月間スイッチング実績（エリア別） 
          （単位：件） 
変更内容みなし小売電気事業
者から新電力等
への変更新電力等から
みなし小売電気事業
者への変更新電力等から
新電力等への変更月間スイッチング
件数合計みなし小売電気事業
者の規制料金から自
由料金への変更
北海道 2,894 8,212 1,582 12,688 484
東北 1,776 3,041 3,749 8,566 795
東京 15,775 32,164 30,099 78,038 2,533
中部 6,965 26,377 13,258 46,600 1,703
北陸 6,308 1,216 323 7,847 375
関西 6,452 14,494 9,304 30,250 1,395
中国 2,316 7,736 4,082 14,134 995
四国 545 1,950 601 3,096 758
九州 4,029 8,837 9,126 21,992 1,050
沖縄 1,441 751 430 2,622 601
合計 48,501 104,778 72,554 225,833 10,689
令和5年5月分 
 
 
【表１５】 小売電気事業者の累積スイッチング実績（エリア別／平成２８年４月以降） 
（単位：件） 
変更内容みなし小売電気事業
者から新電力等
への変更新電力等から
みなし小売電気事業
者への変更新電力等から
新電力等への変更スイッチング
件数合計みなし小売電気事業者
の規制料金から自由料
金への変更
北海道 890,705 154,355 138,301 1,183,361 270,831
東北 1,164,121 132,512 241,987 1,538,620 685,507
東京 9,715,106 882,669 2,474,675 13,072,450 2,535,973
中部 2,357,114 265,242 400,120 3,022,476 1,937,504
北陸 135,477 27,296 27,936 190,709 392,209
関西 3,998,164 668,285 858,011 5,524,460 2,006,419
中国 641,123 109,045 125,597 875,765 698,886
四国 399,741 64,034 83,937 547,712 383,435
九州 1,532,259 251,514 257,313 2,041,086 933,124
沖縄 113,258 14,108 6,621 133,987 175,357
合計 20,947,068 2,569,060 4,614,498 28,130,626 10,019,245
令和5年5月分 
※１３ 電力広域的運営推進機関から公表されている平成２８年４月以降の累積スイッチング件数との
数値の相違は、①電力広域的運営推進機関の情報には高圧のスイッチング件数が含まれること、②同機関へのスイッチング申請を行った後、実際にスイッチングが行われるまでに２～３週間
程度のタイムラグが存在していること等による。 
 
 
 
 
  （本発表資料のお問い合わせ先） 
  電力・ガス取引監視等委員会事務局 
取引監視課長  下津 
担当者：安原、野崎、野村、髙森 
電 話： 03-3501-1552（直通）  
