PDF URL: https://www.emsc.meti.go.jp/info/public/pdf/20231221001a.pdf

                       
 
 
1 
 
 
令和５年１２月２１日  
経済産業省 電力・ガス取引監視等委員会  
 
電力取引の状況（令和５年９月分） 
 
 
  当委員会は、平成２８年４月から電力取引の監視に必要な情報について、電気事
業者及び卸電力取引所より定期的に情報収集を行っており、今般、令和５年９月分の販売電力量等の実績について結果を公表します。 
 
※１ 令和５年１２月６日時点における報告を集計（集計にあたり、小数点（ただし、パーセント表示につ
いては小数点第２位）を四捨五入した）。今後、事業者から修正の申請等があった場合、随時訂正する予定。 
※２ 電力取引報では、集計において事業者の過度の負担を避けるため、販売電力量と販売額につい
て N－１月検針日からN 月検針日前日までの実績をN月分として計上することを認めている。 
したがって、大宗の企業は検針日までの実績を報告しているため、実際のN月需要に対する実績とは一致しない。 
※３ 新電力とは、みなし小売電気事業者（旧一般電気事業者）以外の小売電気事業者を指す。 
※４ 自由料金メニューは、平成２８年３月末時点における旧選択約款に基づく電力供給実績を含む。 
※５ 規制料金メニューの販売実績については、電力調査統計から数値を記載。 
※６ 販売電力量の合計・新電力シェアについては、その他需要を含めず算出。 
※７ その他需要は、建設工事用電力と事業用電力の合計値であり、事業用電力は自社の設備及び
営業所のために供給する電力量を含む。 【主な指標】 
○全体の販売電力量       ７ ５ １ 億k W h（対前年同月比 ４１億 kWh 増） 
○新電力シェア 
販売電力量ベース   １７．２％（対前年同月比  ２．３pt 減） 
      販売額ベース     ２０．０％（対前年同月比  ２．０pt 減）       契約口数ベース    ２２．０％（対前年同月比  ０．６pt 減） 
        
※低圧のみ      ２２．０％（対前年同月比   ０．６pt 減 ） 
 
                       
 
 
2 
 
（１）販売電力量について 
今月分の販売電力量の実績については、表１から表５に示しており、各表の意義
は以下のとおりです。 
 
表１：全小売電気事業者（新電力及びみなし小売電気事業者。以下同じ。）の 
販売電力量の合計値（電圧種別／エリア別） 
表２：表１の数値のうち、新電力の数値を抽出したもの 
（あわせて、電圧種別の販売電力量（全国）に占める新電力の販売電力量 
の割合も記載。） 
表３：表１の数値のうち、みなし小売電気事業者の数値を抽出したもの 表４：旧供給区域（みなし小売電気事業者が、平成２８年３月以前に電力供給 
していた区域。以下同じ。）において、全小売電気事業者の販売電力量 
（低圧）に占める自由料金メニューの割合 
表５：表４のうち、みなし小売電気事業者の販売電力量（低圧）に占める自由料金 
   メ ニ ュ ー の割合を抽出したもの 
 
 
【表１】  全小売電気事業者の販売電力量（電圧種別／エリア別） 
電灯 電力
北海道 232,558 1,002,423 916,256 804,620 111,636 2,151,237 3,413
東北 1,589,687 2,667,949 2,279,814 1,975,640 304,174 6,537,450 2,556
東京 6,192,735 8,969,154 9,984,085 8,877,118 1,106,967 25,145,974 15,615
中部 3,531,767 4,275,512 3,577,612 3,077,612 500,000 11,384,891 8,162
北陸 579,673 952,382 756,246 652,970 103,277 2,288,301 2,407
関西 3,591,110 4,252,840 4,729,833 4,181,816 548,017 12,573,783 33,649
中国 1,510,891 1,677,475 1,684,889 1,490,367 194,522 4,873,255 14,889
四国 390,585 912,204 861,971 737,998 123,972 2,164,760 6,023
九州 1,674,783 2,777,267 2,842,569 2,398,923 443,646 7,294,619 9,150
沖縄 126,414 246,051 326,339 286,218 40,121 698,804 515
全国計 19,420,203 27,733,258 27,959,614 24,483,283 3,476,332 75,113,075 96,3 79
令和5年9月分販売電力量  合計(単位：MWh）
供給
区域特別高圧 高圧 低圧計 合計 その他需要
 
 
                       
 
 
3 
 
【表２】  新電力の販売電力量及び割合（電圧種別／エリア別） 
電灯 電力
北海道 21,929 128,917 209,613 195,508 14,105 360,459 1,556
東北 65,885 362,576 366,737 326,462 40,275 795,198 1,200
東京 630,188 2,392,058 3,660,530 3,391,802 268,728 6,682,776 15,615
中部 47,487 531,539 773,241 697,443 75,798 1,352,267 7,770
北陸 1,546 93,064 55,343 43,674 11,670 149,953 127
関西 119,655 407,979 1,434,159 1,289,561 144,598 1,961,793 28,012
中国 62,341 221,206 222,393 188,367 34,026 505,940 4,056
四国 18,030 82,974 122,067 102,995 19,071 223,071 261
九州 57,282 259,231 482,619 409,885 72,734 799,132 1,560
沖縄 3,476 27,271 51,908 46,094 5,814 82,655 0
全国計 1,027,819 4,506,816 7,378,610 6,691,792 686,819 12,913,245 60,157
新電力/全体 5.3% 16.3% 26.4% 27.3% 19.8% 17.2% 62.4%供給
区域
令和5年9月分新電力  合計(単位：MWh）
その他需要 特別高圧 高圧 低圧計 合計
 
 
【表３】  みなし小売電気事業者の販売電力量（電圧種別／エリア別） 
電灯 電力
北海道 210,629 873,506 706,643 609,112 97,531 1,790,778 1,857
東北 1,523,802 2,305,373 1,913,077 1,649,178 263,899 5,742,252 1,356
東京 5,562,547 6,577,096 6,323,555 5,485,316 838,239 18,463,198 0
中部 3,484,280 3,743,973 2,804,371 2,380,169 424,202 10,032,624 392
北陸 578,127 859,318 700,903 609,296 91,607 2,138,348 2,280
関西 3,471,455 3,844,861 3,295,674 2,892,255 403,419 10,611,990 5,637
中国 1,448,550 1,456,269 1,462,496 1,302,000 160,496 4,367,315 10,833
四国 372,555 829,230 739,904 635,003 104,901 1,941,689 5,762
九州 1,617,501 2,518,036 2,359,950 1,989,038 370,912 6,495,487 7,590
沖縄 122,938 218,780 274,431 240,124 34,307 616,149 515
全国計 18,392,384 23,226,442 20,581,004 17,791,491 2,789,513 62,199,830 36,2 22みなし小売電気事業者  合計(単位：MWh）
合計 その他需要
令和5年9月分供給
区域特別高圧 高圧 低圧計
※８ みなし小売電気事業者の旧供給区域外における販売実績を含む。 
 
                       
 
 
4 
 
【表４】  旧供給区域における販売電力量（低圧）に占め る自由料金メニューの割合 
供給区域 北海道 東北
電灯 電力 電灯 電力
426,797 350,354 76,443 1,156,508 932,021 224,487489,459 454,266 35,193 1,123,306 1,043,619 79,687916,256 804,620 111,636 2,279,814 1,975,640 304,174
53.4% 56.5% 31.5% 49.3% 52.8% 26.2%
東京 中部 北陸
電灯 電力 電灯 電力 電灯 電力
3,652,331 3,102,463 549,868 1,120,945 958,971 161,974 243,944 197,219 4 6,725
6,331,754 5,774,655 557,099 2,456,667 2,118,641 338,026 512,302 455,75 1 56,552
9,984,085 8,877,118 1,106,967 3,577,612 3,077,612 500,000 756,246 652, 970 103,277
63.4% 65.1% 50.3% 68.7% 68.8% 67.6% 67.7% 69.8% 54.8%
関西 中国 四国
電灯 電力 電灯 電力 電灯 電力
1,691,448 1,349,759 341,689 488,058 375,694 112,364 295,886 240,173 55, 713
3,038,385 2,832,057 206,328 1,196,831 1,114,673 82,158 566,085 497,825 68,259
4,729,833 4,181,816 548,017 1,684,889 1,490,367 194,522 861,971 737,99 8 123,972
64.2% 67.7% 37.7% 71.0% 74.8% 42.2% 65.7% 67.5% 55.1%
九州 沖縄 合計
電灯 電力 電灯 電力 電灯 電力
1,088,536 792,642 295,894 155,868 155,868 - 10,320,321 8,455,164 1,865, 157
1,754,033 1,606,281 147,752 130,350 130,350 - 17,599,172 16,028,119 1,5 71,053
2,842,569 2,398,923 443,646 286,218 286,218 - 27,919,493 24,483,283 3,4 36,210
61.7% 67.0% 33.3% 45.5% 45.5% - 63.0% 65.5% 45.7%
令和5年9月分低圧計
低圧計 低圧計 低圧計
低圧計 低圧計規制料金
自由料金
合計
自由/合計供給種別 低圧計 低圧計
低圧計 低圧計
低圧計販売
電力量
(単位:MWh)
 
 
【表５】  旧供給区域におけるみなし小売 電気事業者の販売電力量（低圧）に占める
自由料金メニューの割合 
供給区域 北海道電力 東北電力
電灯 電力 電灯 電力
426,797 350,354 76,443 1,156,508 932,021 224,487279,334 258,248 21,086 755,770 716,433 39,337706,131 608,602 97,529 1,912,278 1,648,454 263,824
39.6% 42.4% 21.6% 39.5% 43.5% 14.9%
東京電力 中部電力 北陸電力
電灯 電力 電灯 電力 電灯 電力
3,652,331 3,102,463 549,868 1,120,945 958,971 161,974 243,944 197,219 4 6,725
2,642,238 2,357,053 285,185 1,675,387 1,413,753 261,634 456,761 411,92 2 44,839
6,294,569 5,459,516 835,053 2,796,332 2,372,724 423,608 700,705 609,14 1 91,564
42.0% 43.2% 34.2% 59.9% 59.6% 61.8% 65.2% 67.6% 49.0%
関西電力 中国電力 四国電力
電灯 電力 電灯 電力 電灯 電力
1,691,448 1,349,759 341,689 488,058 375,694 112,364 295,886 240,173 55, 713
1,582,024 1,524,373 57,651 970,830 922,886 47,944 442,140 393,103 49,03 7
3,273,472 2,874,132 399,340 1,458,888 1,298,580 160,308 738,026 633,27 6 104,750
48.3% 53.0% 14.4% 66.6% 71.1% 29.9% 59.9% 62.1% 46.8%
九州電力 沖縄電力 合計
電灯 電力 電灯 電力 電灯 電力
1,088,536 792,642 295,894 155,868 155,868 - 10,320,321 8,455,164 1,865, 157
1,270,185 1,195,331 74,854 84,256 84,256 - 10,158,925 9,277,358 881,5672,358,721 1,987,973 370,748 240,124 240,124 - 20,479,246 17,732,522 2,7 46,724
53.9% 60.1% 20.2% 35.1% 35.1% - 49.6% 52.3% 32.1%
令和5年9月分低圧計 低圧計 低圧計低圧計 低圧計 低圧計販売
電力量
(単位:MWh)規制料金自由料金
合計
自由/合計
低圧計 低圧計 低圧計供給種別 低圧計 低圧計
 
                       
 
 
5 
 
（２）販売額について 
今月分の販売額の実績については、表６から表９に示しており、各表の意義は以
下のとおりです。  
表６：全小売電気事業者の販売額の合計値（電圧種別／エリア別） 表７：新電力の販売額の合計値（電圧種別／全国） 
（あわせて、電圧種別の販売額（全国）に占める新電力の販売額の割合も 記載。） 
表８：みなし小売電気事業者の販売額の合計値（電圧種別／全国） 表９：旧供給区域において、みなし小売電気事業者の販売額（低圧）に占める 
自由料金メニューの割合（全国） 
 
【表６】  全小売電気事業者の販売額（電圧種別／エリア別） 
電灯 電力
北海道 5,101,701 23,343,117 26,730,075 23,507,904 3,222,171 55,174,893
東北 36,996,887 65,942,559 58,427,326 50,375,358 8,051,969 161,366,773
東京 120,051,078 178,806,718 250,988,812 223,677,057 27,311,755 549,846,6 08
中部 61,537,346 79,504,905 82,657,901 71,029,791 11,628,111 223,700,153
北陸 12,139,479 21,123,501 17,868,177 15,246,609 2,621,568 51,131,157
関西 64,004,761 77,222,326 98,742,996 87,598,022 11,144,974 239,970,084
中国 31,852,776 37,943,670 40,770,529 35,800,127 4,970,402 110,566,975
四国 7,279,840 18,487,307 20,492,954 17,194,448 3,298,505 46,260,101
九州 27,302,424 46,435,719 57,681,163 48,404,931 9,276,232 131,419,306
沖縄 3,038,368 5,362,737 7,930,601 6,946,267 984,334 16,331,706
全国計 369,304,661 554,172,559 662,290,534 579,780,514 82,510,020 1,585,767 ,755販売額　合計（単位：千円）
令和5年9月分供給
区域特別高圧 高圧 低圧計 合計
 
 
【表７】  新電力の販売額及び割合（電圧種別／全国） 
電灯 電力
全国 22,157,173 100,777,521 193,761,275 176,677,859 17,083,416 316,695,97 0
新電力/全体 6.0% 18.2% 29.3% 30.5% 20.7% 20.0%新電力　合計（単位：千円）
高圧 低圧計
令和5年9月分合計 供給区域 特別高圧
 
 
【表８】  みなし小売電気事業者の販売額（電圧種別／全国） 
電灯 電力
全国 347,147,488 453,395,038 468,529,259 403,102,655 65,426,604 1,269,071 ,785みなし小売電気事業者　合計（単位：千円）
令和5年9月分供給区域 特別高圧 高圧 低圧計 合計
※９ みなし小売電気事業者の旧供給区域外における販売実績を含む。 
                       
 
 
6 
 
【表９】  旧供給区域におけるみなし小売 電気事業者の販売額（低圧）に占める自由
料金メニューの割合（全国） 
低圧電灯 低圧電力
規制料金 240,936,977 195,104,322 45,832,655
自由料金 225,198,104 206,611,631 18,586,473
合計 466,135,081 401,715,953 64,419,128
自由/合計 48.3% 51.4% 28.9%
令和5年9月分全国合計
供給種別 低圧計
販売額
（単位：千円）
※１０ 沖縄の低圧電力を除く。 
 
 
（３）契約口数について 
今月分の契約口数の実績については、表１０から表１３に示しており、各表の意義
は以下のとおりです。 
 
表１０：全小売電気事業者の契約口数の合計値（電圧種別／エリア別） 表１１：新電力の契約口数の合計値（電圧種別／全国） 
    （ あ わ せ て 、 電 圧 種別の契約口数（全国）に占める新電力の契約口数の 
割合も記載。） 
表１２：みなし小売電気事業者の契約口数の合計値（電圧種別／全国） 表１３：旧供給区域において、みなし小売電気事業者の契約口数（低圧）に 
占める自由料金メニューの割合（全国） 
  
【表１０】   全小売電気事業者の契約口数（電圧種別／エリア別） 
電灯 電力
北海道 276 38,596 3,858,974 3,677,961 181,013 3,897,846
東北 1,056 87,594 7,827,409 7,175,305 652,104 7,916,059
東京 4,255 263,080 31,249,019 29,539,832 1,709,187 31,516,354
中部 1,493 122,257 11,041,446 10,198,133 843,313 11,165,196
北陸 233 25,357 2,162,683 1,986,603 176,080 2,188,273
関西 2,217 131,986 14,288,617 13,399,547 889,070 14,422,820
中国 773 56,218 5,396,005 5,029,964 366,041 5,452,996
四国 201 31,556 2,854,109 2,587,397 266,712 2,885,866
九州 887 82,137 9,158,853 8,402,575 756,278 9,241,877
沖縄 104 5,881 887,198 841,707 45,491 893,183
全国計 11,495 844,662 88,724,313 82,839,024 5,885,289 89,580,470
令和5年9月分契約口数　合計（単位：件）
合計供給
区域特別高圧 高圧 低圧計
 
                       
 
 
7 
 
【表１１】   新電力の契約口数及び割合（電圧種別／全国） 
電灯 電力
全国 1,458 175,185 19,518,302 18,639,545 878,757 19,694,945
新電力/全体 12.7% 20.7% 22.0% 22.5% 14.9% 22.0%合計 供給区域 特別高圧 高圧 低圧計
令和5年9月分新電力　合計（単位：件）
 
 
【表１２】   みなし小売電気事業 者の契約口数（電圧種別／全国） 
電灯 電力
全国 10,037 669,477 69,206,011 64,199,479 5,006,532 69,885,525みなし小売電気事業者　合計（単位：件）
令和5年9月分合計 供給区域 特別高圧 高圧 低圧計
※１１ みなし小売電気事業者の旧供給区域外における販売実績を含む。  
 
 
【表１３】 旧供給区域におけるみなし小売電気事業者の契約口数（低圧）に占める  
自由料金メニューの割合（全国） 
低圧電灯 低圧電力
規制料金 46,682,298 43,134,370 3,547,928
自由料金 22,295,056 20,881,989 1,413,067
合計 68,977,354 64,016,359 4,960,995
自由/合計 32.3% 32.6% 28.5%
令和5年9月分全国合計
供給種別 低圧計
契約口数
（単位：件）
※１２ 沖縄の低圧電力を除く。 
 
 
（４）スイッチングの状況（低圧）について 
今月分のスイッチングの状況（低圧）の実績については、表１４及び表１５に示して
おり、各表の意義は以下のとおりです。 
 
表１４：低圧の契約のうち、みなし小売電気事業者から新電力等（域外に供給 
しているみなし小売電気事業者を含む。）への変更など、月間のスイッチ ング件数（エリア別） 
表１５：表１４について、平成２８年４月以降の数値を累積したもの（エリア別） 
 
                       
 
 
8 
 
【表１４】 小売電気事業者の月間スイッチング実績（エリア別） 
          （単位：件） 
 
変更内容みなし小売電気事業
者から新電力等
への変更新電力等から
みなし小売電気事業
者への変更新電力等から
新電力等への変更月間スイッチング
件数合計みなし小売電気事業
者の規制料金から自
由料金への変更
北海道 2,474 1,717 961 5,152 2,262
東北 3,058 1,903 2,445 7,406 2,688
東京 18,085 10,783 36,205 65,073 4,638
中部 6,566 2,990 11,468 21,024 2,099
北陸 961 133 250 1,344 1,471
関西 6,141 8,875 5,388 20,404 1,484
中国 3,391 1,549 3,105 8,045 2,774
四国 1,383 619 586 2,588 1,125
九州 3,050 2,282 4,774 10,106 720
沖縄 642 328 125 1,095 1,360
合計 45,751 31,179 65,307 142,237 20,621
令和5年9月分 
 
【表１５】 小売電気事業者の累積スイッチング実績（エリア別／平成２８年４月以降） 
（単位：件） 
 
変更内容みなし小売電気事業
者から新電力等
への変更新電力等から
みなし小売電気事業
者への変更新電力等から
新電力等への変更スイッチング
件数合計みなし小売電気事業者
の規制料金から自由料
金への変更
北海道 901,027 172,927 190,701 1,264,655 281,006
東北 1,174,759 141,195 282,512 1,598,466 692,653
東京 9,791,090 990,575 2,637,321 13,418,986 2,553,319
中部 2,383,396 301,550 426,833 3,111,779 1,944,407
北陸 138,927 29,084 29,187 197,198 400,189
関西 4,023,299 720,222 892,358 5,635,879 2,011,708
中国 657,854 116,772 133,309 907,935 708,719
四国 404,695 68,117 95,936 568,748 388,493
九州 1,544,276 265,351 275,915 2,085,542 936,457
沖縄 116,641 15,389 7,517 139,547 183,931
合計 21,135,964 2,821,182 4,971,589 28,928,735 10,100,882
令和5年9月分  
 
※１３ 電力広域的運営推進機関から公表されている平成２８年４月以降の累積スイッチング件数との
数値の相違は、①電力広域的運営推進機関の情報には高圧のスイッチング件数が含まれること、②同機関へのスイッチング申請を行った後、実際にスイッチングが行われるまでに２～３週間
程度のタイムラグが存在していること等による。 
 
  
 
  （本発表資料のお問い合わせ先） 
  電力・ガス取引監視等委員会事務局 
取引監視課長  下津 
担当者：安原、野崎、野村、髙森 電 話： 03-3501-1552（直通）
 
