PDF URL: https://www.emsc.meti.go.jp/info/public/pdf/20230523001a.pdf

                       
 
 
1 
 
 
令和５年５月２３日  
経済産業省 電力・ガス取引監視等委員会  
 
電力取引の状況（令和５年２月分） 
 
 
  当委員会は、平成２８年４月から電力取引の監視に必要な情報について、電気事
業者及び卸電力取引所より定期的に情報収集を行っており、今般、令和５年２月分の販売電力量等の実績について結果を公表します。 
 
※１ 令和５年５月８日時点における報告を集計。今後、事業者から修正の申請等があった場合、 
随時訂正する予定。 
※２ 電力取引報では、集計において事業者の過度の負担を避けるため、販売電力量と販売額につい
て N－１月検針日からN 月検針日前日までの実績をN月分として計上することを認めている。 
したがって、大宗の企業は検針日までの実績を報告しているため、実際のN月需要に対する実績とは一致しない。 
※３ 新電力とは、みなし小売電気事業者（旧一般電気事業者）以外の小売電気事業者を指す。 
※４ 自由料金メニューは、平成２８年３月末時点における旧選択約款に基づく電力供給実績を含む。 
※５ 規制料金メニューの販売実績については、電力調査統計から数値を記載。 ※６ 販売電力量の合計・新電力シェアについては、その他需要を含めず算出。 
※７ その他需要は、建設工事用電力と事業用電力の合計値であり、事業用電力は自社の設備及び
営業所のために供給する電力量を含む。 【主な指標】 
○全体の販売電力量       ７ ２ ８ 億k W h（対前年同月比  ６２億 kWh 減） 
○新電力シェア 
販売電力量ベース   １８．８％（対前年同月比  ３．１pt 減） 
      販売額ベース     ２１．８％（対前年同月比  １．９pt 減）       契約口数ベース    ２２．３％（対前年同月比  １．０pt 増） 
        
※低圧のみ      ２２．３％（対前年同月比   １．１pt 増 ） 
 
                       
 
 
2 
 
（１）販売電力量について 
今月分の販売電力量の実績については、表１から表５に示しており、各表の意義
は以下のとおりです。 
 
表１：全小売電気事業者（新電力及びみなし小売電気事業者。以下同じ。）の 
販売電力量の合計値（電圧種別／エリア別） 
表２：表１の数値のうち、新電力の数値を抽出したもの 
（あわせて、電圧種別の販売電力量（全国）に占める新電力の販売電力量 
の割合も記載。） 
表３：表１の数値のうち、みなし小売電気事業者の数値を抽出したもの 表４：旧供給区域（みなし小売電気事業者が、平成２８年３月以前に電力供給 
していた区域。以下同じ。）において、全小売電気事業者の販売電力量 
（低圧）に占める自由料金メニューの割合 
表５：表４のうち、みなし小売電気事業者の販売電力量（低圧）に占める自由料金 
   メ ニ ュ ー の割合を抽出したもの 
 
 
【表１】  全小売電気事業者の販売電力量（電圧種別／エリア別） 
電灯 電力
北海道 217,568 1,066,335 1,377,250 1,043,900 333,351 2,661,153 5,797
東北 1,480,047 2,649,699 3,106,780 2,731,214 375,566 7,236,527 3,358
東京 4,979,305 7,533,477 11,161,133 10,236,203 924,930 23,673,915 10,605
中部 2,942,527 3,669,979 4,065,076 3,613,564 451,512 10,677,582 4,815
北陸 555,211 859,209 1,035,961 925,619 110,342 2,450,381 2,743
関西 2,975,134 3,639,890 5,121,809 4,689,010 432,798 11,736,833 33,083
中国 1,334,990 1,421,424 2,125,977 1,955,526 170,451 4,882,391 11,834
四国 398,817 767,083 1,002,709 891,714 110,995 2,168,609 4,661
九州 1,393,780 2,249,233 3,238,200 2,869,172 369,027 6,881,212 8,517
沖縄 94,225 172,657 208,463 190,106 18,356 475,345 384
全国計 16,371,603 24,028,986 32,443,357 29,146,029 3,297,328 72,843,946 85,7 97その他需要
令和5年2月分販売電力量  合計(単位：MWh）
供給
区域特別高圧 高圧 低圧計 合計
 
 
                       
 
 
3 
 
【表２】  新電力の販売電力量及び割合（電圧種別／エリア別） 
電灯 電力
北海道 15,862 121,823 236,796 220,743 16,054 374,481 2,321
東北 43,833 378,888 462,866 420,103 42,763 885,588 1,742
東京 787,349 2,288,091 3,977,529 3,753,682 223,847 7,052,969 10,605
中部 47,047 567,010 840,989 771,276 69,713 1,455,046 4,299
北陸 12,313 119,674 59,877 49,675 10,202 191,864 154
関西 148,877 542,558 1,497,129 1,384,657 112,471 2,188,564 27,908
中国 37,155 223,270 245,570 212,154 33,416 505,995 3,385
四国 11,974 87,903 129,455 114,269 15,186 229,332 74
九州 26,341 206,935 505,855 450,762 55,092 739,130 2,567
沖縄 2,762 22,167 27,132 25,208 1,923 52,061 0
全国計 1,133,512 4,558,319 7,983,197 7,402,530 580,667 13,675,028 53,055
新電力/全体 6.9% 19.0% 24.6% 25.4% 17.6% 18.8% 61.8%特別高圧 高圧 低圧計 合計
令和5年2月分新電力  合計(単位：MWh）
その他需要供給
区域
 
 
【表３】  みなし小売電気事業者の販売電力量（電圧種別／エリア別） 
電灯 電力
北海道 201,706 944,512 1,140,454 823,157 317,297 2,286,672 3,476
東北 1,436,214 2,270,811 2,643,914 2,311,111 332,803 6,350,939 1,616
東京 4,191,956 5,245,386 7,183,604 6,482,521 701,083 16,620,946 0
中部 2,895,480 3,102,969 3,224,087 2,842,288 381,799 9,222,536 516
北陸 542,898 739,535 976,084 875,944 100,140 2,258,517 2,589
関西 2,826,257 3,097,332 3,624,680 3,304,353 320,327 9,548,269 5,175
中国 1,297,835 1,198,154 1,880,407 1,743,372 137,035 4,376,396 8,449
四国 386,843 679,180 873,254 777,445 95,809 1,939,277 4,587
九州 1,367,439 2,042,298 2,732,345 2,418,410 313,935 6,142,082 5,950
沖縄 91,463 150,490 181,331 164,898 16,433 423,284 384
全国計 15,238,091 19,470,667 24,460,160 21,743,499 2,716,661 59,168,918 32,7 42供給
区域特別高圧 高圧 低圧計
令和5年2月分みなし小売電気事業者  合計(単位：MWh）
合計 その他需要
※８ みなし小売電気事業者の旧供給区域外における販売実績を含む。 
 
                       
 
 
4 
 
【表４】  旧供給区域における販売電力量（低圧）に占め る自由料金メニューの割合 
供給区域 北海道 東北
電灯 電力 電灯 電力
458,292 400,361 57,931 1,266,829 1,068,100 198,729918,958 643,539 275,420 1,839,951 1,663,114 176,837
1,377,250 1,043,900 333,351 3,106,780 2,731,214 375,566
66.7% 61.7% 82.6% 59.2% 60.9% 47.1%
東京 中部 北陸
電灯 電力 電灯 電力 電灯 電力
3,714,155 3,306,293 407,862 1,128,725 1,005,457 123,268 265,718 225,16 1 40,557
7,446,978 6,929,910 517,068 2,936,351 2,608,107 328,244 770,243 700,45 8 69,785
11,161,133 10,236,203 924,930 4,065,076 3,613,564 451,512 1,035,961 92 5,619 110,342
66.7% 67.7% 55.9% 72.2% 72.2% 72.7% 74.4% 75.7% 63.2%
関西 中国 四国
電灯 電力 電灯 電力 電灯 電力
1,541,068 1,293,256 247,813 521,139 431,310 89,829 295,763 252,905 42,8 58
3,580,740 3,395,755 184,986 1,604,838 1,524,216 80,622 706,946 638,809 68,137
5,121,809 4,689,010 432,798 2,125,977 1,955,526 170,451 1,002,709 891, 714 110,995
69.9% 72.4% 42.7% 75.5% 77.9% 47.3% 70.5% 71.6% 61.4%
九州 沖縄 合計
電灯 電力 電灯 電力 電灯 電力
1,041,483 818,703 222,780 101,081 101,081 - 10,334,253 8,902,627 1,431, 627
2,196,717 2,050,469 146,247 89,025 89,025 - 22,090,747 20,243,402 1,847 ,344
3,238,200 2,869,172 369,027 190,106 190,106 - 32,425,000 29,146,029 3,2 78,971
67.8% 71.5% 39.6% 46.8% 46.8% - 68.1% 69.5% 56.3%合計
自由/合計供給種別 低圧計 低圧計
低圧計 低圧計
低圧計販売
電力量
(単位:MWh)
令和5年2月分低圧計
低圧計 低圧計 低圧計
低圧計 低圧計規制料金
自由料金
 
 
【表５】  旧供給区域におけるみなし小売 電気事業者の販売電力量（低圧）に占める
自由料金メニューの割合 
供給区域 北海道電力 東北電力
電灯 電力 電灯 電力
458,292 400,361 57,931 1,266,829 1,068,100 198,729681,550 422,189 259,361 1,376,052 1,242,041 134,011
1,139,842 822,550 317,292 2,642,881 2,310,141 332,740
59.8% 51.3% 81.7% 52.1% 53.8% 40.3%
東京電力 中部電力 北陸電力
電灯 電力 電灯 電力 電灯 電力
3,714,155 3,306,293 407,862 1,128,725 1,005,457 123,268 265,718 225,16 1 40,557
3,414,442 3,135,401 279,041 2,085,599 1,827,709 257,890 710,112 650,55 8 59,554
7,128,597 6,441,694 686,903 3,214,324 2,833,166 381,158 975,830 875,71 9 100,111
47.9% 48.7% 40.6% 64.9% 64.5% 67.7% 72.8% 74.3% 59.5%
関西電力 中国電力 四国電力
電灯 電力 電灯 電力 電灯 電力
1,541,068 1,293,256 247,813 521,139 431,310 89,829 295,763 252,905 42,8 58
2,055,638 1,987,931 67,706 1,354,490 1,307,412 47,078 575,199 522,349 5 2,850
3,596,706 3,281,187 315,519 1,875,629 1,738,722 136,907 870,962 775,25 4 95,708
57.2% 60.6% 21.5% 72.2% 75.2% 34.4% 66.0% 67.4% 55.2%
九州電力 沖縄電力 合計
電灯 電力 電灯 電力 電灯 電力
1,041,483 818,703 222,780 101,081 101,081 - 10,334,253 8,902,627 1,431, 627
1,689,336 1,598,278 91,058 63,817 63,817 - 14,006,235 12,757,685 1,248, 549
2,730,819 2,416,981 313,838 164,898 164,898 - 24,340,488 21,660,312 2,6 80,176
61.9% 66.1% 29.0% 38.7% 38.7% - 57.5% 58.9% 46.6%低圧計 低圧計 低圧計供給種別 低圧計 低圧計
販売
電力量
(単位:MWh)規制料金自由料金
合計
自由/合計
低圧計 低圧計 低圧計
低圧計 低圧計 低圧計
令和5年2月分 
                       
 
 
5 
 
（２）販売額について 
今月分の販売額の実績については、表６から表９に示しており、各表の意義は以
下のとおりです。  
表６：全小売電気事業者の販売額の合計値（電圧種別／エリア別） 表７：新電力の販売額の合計値（電圧種別／全国） 
（あわせて、電圧種別の販売額（全国）に占める新電力の販売額の割合も 記載。） 
表８：みなし小売電気事業者の販売額の合計値（電圧種別／全国） 表９：旧供給区域において、みなし小売電気事業者の販売額（低圧）に占める 
自由料金メニューの割合（全国） 
 
【表６】  全小売電気事業者の販売額（電圧種別／エリア別） 
電灯 電力
北海道 5,619,370 26,723,931 35,027,891 27,472,133 7,555,758 67,371,191
東北 36,871,799 72,953,316 80,187,788 70,552,894 9,634,894 190,012,903
東京 132,425,427 201,933,669 315,674,367 288,781,879 26,892,488 650,033,4 63
中部 74,817,775 93,326,371 112,549,829 99,369,695 13,180,135 280,693,976
北陸 10,960,306 17,935,670 20,479,616 17,910,946 2,568,671 49,375,592
関西 66,017,068 81,632,937 117,181,513 107,131,259 10,050,254 264,831,518
中国 33,547,818 36,281,055 55,896,198 51,342,075 4,554,123 125,725,071
四国 7,727,236 15,897,669 22,821,137 19,970,933 2,850,204 46,446,042
九州 25,853,074 43,217,475 67,623,626 59,349,679 8,273,947 136,694,176
沖縄 1,849,920 3,609,250 5,042,246 4,401,663 640,583 10,501,416
全国計 395,689,794 593,511,342 832,484,211 746,283,154 86,201,057 1,821,685 ,347供給
区域特別高圧 高圧 低圧計 合計販売額　合計（単位：千円）
令和5年2月分 
【表７】  新電力の販売額及び割合（電圧種別／全国） 
電灯 電力
全国 30,622,264 127,563,142 239,173,454 220,832,660 18,340,794 397,358,86 0
新電力/全体 7.7% 21.5% 28.7% 29.6% 21.3% 21.8%
令和5年2月分合計 供給区域 特別高圧新電力　合計（単位：千円）
高圧 低圧計
 
【表８】  みなし小売電気事業者の販売額（電圧種別／全国） 
電灯 電力
全国 365,067,530 465,948,200 593,310,757 525,450,494 67,860,263 1,424,326 ,487合計
令和5年2月分供給区域 特別高圧 高圧 低圧計みなし小売電気事業者　合計（単位：千円）
※９ みなし小売電気事業者の旧供給区域外における販売実績を含む。 
  
                       
 
 
6 
 
【表９】  旧供給区域におけるみなし小売 電気事業者の販売額（低圧）に占める自由
料金メニューの割合（全国） 
低圧電灯 低圧電力
規制料金 232,561,469 196,459,615 36,101,854
自由料金 357,376,216 326,653,733 30,722,483
合計 589,937,685 523,113,348 66,824,337
自由/合計 60.6% 62.4% 46.0%
令和5年2月分全国合計
供給種別 低圧計
販売額
（単位：千円）
※１０ 沖縄の低圧電力を除く。 
 
 
（３）契約口数について 
今月分の契約口数の実績については、表１０から表１３に示しており、各表の意義
は以下のとおりです。 
 
表１０：全小売電気事業者の契約口数の合計値（電圧種別／エリア別） 表１１：新電力の契約口数の合計値（電圧種別／全国） 
    （ あ わ せ て 、 電 圧 種別の契約口数（全国）に占める新電力の契約口数の 
割合も記載。） 
表１２：みなし小売電気事業者の契約口数の合計値（電圧種別／全国） 表１３：旧供給区域において、みなし小売電気事業者の契約口数（低圧）に 
占める自由料金メニューの割合（全国） 
  
【表１０】   全小売電気事業者の契約口数（電圧種別／エリア別） 
電灯 電力
北海道 275 37,917 4,034,018 3,669,952 364,066 4,072,210
東北 1,044 82,402 7,921,813 7,205,790 716,023 8,005,259
東京 4,056 247,369 31,027,708 29,328,691 1,699,017 31,279,133
中部 1,455 116,610 11,038,329 10,189,952 848,377 11,156,394
北陸 230 24,632 2,173,810 1,984,266 189,544 2,198,672
関西 2,198 128,741 14,236,486 13,354,783 881,703 14,367,425
中国 749 52,656 5,392,132 5,036,982 355,150 5,445,537
四国 213 31,301 2,853,965 2,591,024 262,941 2,885,479
九州 883 79,423 9,127,612 8,392,563 735,049 9,207,918
沖縄 106 5,912 882,712 837,166 45,546 888,730
全国計 11,209 806,963 88,688,585 82,591,169 6,097,416 89,506,757合計供給
区域特別高圧 高圧 低圧計
令和5年2月分契約口数　合計（単位：件）
 
                       
 
 
7 
 
【表１１】   新電力の契約口数及び割合（電圧種別／全国） 
電灯 電力
全国 1,624 182,877 19,765,464 18,872,776 892,688 19,949,965
新電力/全体 14.5% 22.7% 22.3% 22.9% 14.6% 22.3%
令和5年2月分新電力　合計（単位：件）
合計 供給区域 特別高圧 高圧 低圧計
 
 
【表１２】   みなし小売電気事業 者の契約口数（電圧種別／全国） 
電灯 電力
全国 9,585 624,086 68,923,121 63,718,393 5,204,728 69,556,792低圧計 供給区域 特別高圧 高圧みなし小売電気事業者　合計（単位：件）
令和5年2月分合計
※１１ みなし小売電気事業者の旧供給区域外における販売実績を含む。  
 
 
【表１３】 旧供給区域におけるみなし小売電気事業者の契約口数（低圧）に占める  
自由料金メニューの割合（全国） 
低圧電灯 低圧電力
規制料金 46,362,918 42,940,980 3,421,938
自由料金 22,293,571 20,560,047 1,733,524
合計 68,656,489 63,501,027 5,155,462
自由/合計 32.5% 32.4% 33.6%
令和5年2月分全国合計
供給種別 低圧計
契約口数
（単位：件）
※１２ 沖縄の低圧電力を除く。 
 
 
（４）スイッチングの状況（低圧）について 
今月分のスイッチングの状況（低圧）の実績については、表１４及び表１５に示して
おり、各表の意義は以下のとおりです。 
 
表１４：低圧の契約のうち、みなし小売電気事業者から新電力等（域外に供給 
しているみなし小売電気事業者を含む。）への変更など、月間のスイッチ ング件数（エリア別） 
表１５：表１４について、平成２８年４月以降の数値を累積したもの（エリア別） 
 
                       
 
 
8 
 
【表１４】 小売電気事業者の月間スイッチング実績（エリア別） 
          （単位：件） 
変更内容みなし小売電気事業
者から新電力等
への変更新電力等から
みなし小売電気事業
者への変更新電力等から
新電力等への変更月間スイッチング
件数合計みなし小売電気事業
者の規制料金から自由料金への変更
北海道
1,306 4,921 1,204 7,431 651
東北 2,329 4,008 2,836 9,173 430
東京 17,984 21,070 27,860 66,914 3,759
中部 9,098 7,329 3,039 19,466 2,920
北陸 246 474 146 866 433
関西 6,317 49,041 10,849 66,207 1,603
中国 1,912 3,010 3,482 8,404 1,558
四国 737 2,066 853 3,656 1,311
九州 3,581 10,886 2,804 17,271 1,009
沖縄 1,924 533 354 2,811 1,066
合計 45,434 103,338 53,427 202,199 14,740
令和5年2月分 
 
 
【表１５】 小売電気事業者の累積スイッチング実績（エリア別／平成２８年４月以降） 
（単位：件） 
変更内容みなし小売電気事業
者から新電力等
への変更新電力等から
みなし小売電気事業
者への変更新電力等から
新電力等への変更スイッチング
件数合計みなし小売電気事業者
の規制料金から自由料
金への変更
北海道 882,850 136,318 131,872 1,151,040 269,246
東北 1,157,797 106,384 227,823 1,492,004 683,158
東京 9,649,269 754,124 2,385,020 12,788,413 2,526,786
中部 2,338,678 226,031 378,547 2,943,256 1,930,004
北陸 128,435 24,849 26,185 179,469 390,895
関西 3,977,188 561,298 811,962 5,350,448 2,001,656
中国 634,502 93,629 114,082 842,213 694,784
四国 397,280 55,531 79,707 532,518 380,300
九州 1,517,702 222,383 242,348 1,982,433 929,914
沖縄 108,857 12,239 5,563 126,659 172,590
合計 20,792,558 2,192,786 4,403,109 27,388,453 9,979,333
令和5年2月分 
※１３ 電力広域的運営推進機関から公表されている平成２８年４月以降の累積スイッチング件数との
数値の相違は、①電力広域的運営推進機関の情報には高圧のスイッチング件数が含まれるこ
と、②同機関へのスイッチング申請を行った後、実際にスイッチングが行われるまでに２～３週間程度のタイムラグが存在していること等による。 
 
  
 
  （本発表資料のお問い合わせ先） 
  電力・ガス取引監視等委員会事務局 
取引監視課長  池田 
担当者：安原、守田、髙森 電 話： 03-3501-1552（直通）
 
