PDF URL: https://www.emsc.meti.go.jp/info/public/pdf/20240517001a.pdf

                       
 
 
1 
 
 
令和６年５月１７日  
経済産業省 電力・ガス取引監視等委員会  
 
電力取引の状況（令和６年２月分） 
 
 
  当委員会は、平成２８年４月から電力取引の監視に必要な情報について、電気事
業者及び卸電力取引所より定期的に情報収集を行っており、今般、令和６年２月分の販売電力量等の実績について結果を公表します。 
 
※１ 令和６年５月７日時点における報告を集計（集計にあたり、小数点（ただし、パーセント表示につ
いては小数点第２位）を四捨五入した。）。今後、事業者から修正の申請等があった場合、随時訂正する予定。 
※２ 電力取引報では、集計において事業者の過度の負担を避けるため、販売電力量と販売額につい
て N－１月検針日からN 月検針日前日までの実績をN月分として計上することを認めている。 
したがって、大宗の企業は検針日までの実績を報告しているため、実際のN月需要に対する実績とは一致しない。 
※３ 新電力とは、みなし小売電気事業者（旧一般電気事業者）以外の小売電気事業者を指す。 
※４ 自由料金メニューは、平成２８年３月末時点における旧選択約款に基づく電力供給実績を含む。 
※５ 規制料金メニューの販売実績については、電力調査統計から数値を記載。 
※６ 販売電力量の合計・新電力シェアについては、その他需要を含めず算出。 
※７ その他需要は、建設工事用電力と事業用電力の合計値であり、事業用電力は自社の設備及び
営業所のために供給する電力量を含む。 【主な指標】 
○全体の販売電力量       ７ ２ ４ 億k W h（対前年同月比 ４億 kWh 減） 
○新電力シェア 
販売電力量ベース   １７．７％（対前年同月比  １．１pt 減） 
      販売額ベース     ２０．４％（対前年同月比  １．４pt 減）       契約口数ベース    ２２．１％（対前年同月比  ０．２pt 減） 
        
※低圧のみ      ２２．１％（対前年同月比   ０．２pt 減 ） 
 
                       
 
 
2 
 
（１）販売電力量について 
今月分の販売電力量の実績については、表１から表５に示しており、各表の意義
は以下のとおりです。 
 
表１：全小売電気事業者（新電力及びみなし小売電気事業者。以下同じ。）の 
販売電力量の合計値（電圧種別／エリア別） 
表２：表１の数値のうち、新電力の数値を抽出したもの 
（あわせて、電圧種別の販売電力量（全国）に占める新電力の販売電力量 
の割合も記載。） 
表３：表１の数値のうち、みなし小売電気事業者の数値を抽出したもの 表４：旧供給区域（みなし小売電気事業者が、平成２８年３月以前に電力供給 
していた区域。以下同じ。）において、全小売電気事業者の販売電力量 
（低圧）に占める自由料金メニューの割合 
表５：表４のうち、みなし小売電気事業者の販売電力量（低圧）に占める自由料金 
   メ ニ ュ ー の割合を抽出したもの 
 
 
【表１】  全小売電気事業者の販売電力量（電圧種別／エリア別） 
電灯 電力
北海道 242,006 1,136,498 1,290,764 996,129 294,634 2,669,268 5,693
東北 1,491,033 2,574,272 2,761,869 2,459,820 302,049 6,827,174 3,143
東京 5,272,047 7,732,546 10,718,368 9,865,567 852,802 23,722,961 11,872
中部 3,055,565 3,754,716 4,027,213 3,595,373 431,840 10,837,494 6,309
北陸 544,127 848,081 979,727 885,421 94,306 2,371,935 2,683
関西 3,095,071 3,629,371 5,010,410 4,595,769 414,641 11,734,852 27,241
中国 1,368,003 1,478,918 2,045,055 1,886,376 158,679 4,891,976 11,855
四国 366,969 757,341 973,860 869,702 104,158 2,098,170 3,824
九州 1,472,541 2,271,267 3,072,652 2,731,888 340,764 6,816,460 7,344
沖縄 91,155 171,623 204,242 185,585 18,657 467,019 340
全国計 16,998,517 24,354,631 31,084,159 28,071,630 3,012,529 72,437,307 80,3 05
令和6年2月分販売電力量  合計(単位：MWh）
供給
区域特別高圧 高圧 低圧計 合計 その他需要
 
 
                       
 
 
3 
 
【表２】  新電力の販売電力量及び割合（電圧種別／エリア別） 
電灯 電力
北海道 21,495 159,970 222,056 208,422 13,633 403,521 2,444
東北 65,290 412,769 407,199 374,422 32,777 885,258 1,694
東京 582,017 2,221,356 3,797,588 3,596,135 201,454 6,600,961 11,872
中部 46,588 487,636 804,801 747,160 57,641 1,339,025 5,754
北陸 2,067 89,753 61,497 51,881 9,616 153,317 141
関西 112,125 387,224 1,381,191 1,287,699 93,492 1,880,540 22,288
中国 74,984 235,839 237,269 211,827 25,442 548,092 3,663
四国 9,853 76,478 122,241 109,168 13,073 208,572 124
九州 49,856 243,974 470,071 421,236 48,835 763,901 1,374
沖縄 2,719 19,567 27,829 25,985 1,844 50,114 0
全国計 966,994 4,334,564 7,531,741 7,033,935 497,806 12,833,299 49,355
新電力/全体 5.7% 17.8% 24.2% 25.1% 16.5% 17.7% 61.5%供給
区域
令和6年2月分新電力  合計(単位：MWh）
その他需要 特別高圧 高圧 低圧計 合計
 
 
 
【表３】  みなし小売電気事業者の販売電力量（電圧種別／エリア別） 
電灯 電力
北海道 220,511 976,528 1,068,708 787,707 281,001 2,265,747 3,249
東北 1,425,743 2,161,503 2,354,670 2,085,398 269,272 5,941,916 1,449
東京 4,690,030 5,511,190 6,920,780 6,269,432 651,348 17,122,000 0
中部 3,008,977 3,267,080 3,222,412 2,848,213 374,199 9,498,469 555
北陸 542,060 758,328 918,230 833,540 84,690 2,218,618 2,542
関西 2,982,946 3,242,147 3,629,219 3,308,070 321,149 9,854,312 4,953
中国 1,293,019 1,243,079 1,807,786 1,674,549 133,237 4,343,884 8,192
四国 357,116 680,863 851,619 760,534 91,085 1,889,598 3,700
九州 1,422,685 2,027,293 2,602,581 2,310,652 291,929 6,052,559 5,970
沖縄 88,436 152,056 176,413 159,600 16,813 416,905 340
全国計 16,031,523 20,020,067 23,552,418 21,037,695 2,514,723 59,604,008 30,9 50みなし小売電気事業者  合計(単位：MWh）
合計 その他需要
令和6年2月分供給
区域特別高圧 高圧 低圧計
※８ みなし小売電気事業者の旧供給区域外における販売実績を含む。 
 
                       
 
 
4 
 
【表４】  旧供給区域における販売電力量（低圧）に占め る自由料金メニューの割合 
供給区域 北海道 東北
電灯 電力 電灯 電力
434,334 374,901 59,433 1,150,007 976,591 173,416856,430 621,228 235,201 1,611,862 1,483,229 128,633
1,290,764 996,129 294,634 2,761,869 2,459,820 302,049
66.4% 62.4% 79.8% 58.4% 60.3% 42.6%
東京 中部 北陸
電灯 電力 電灯 電力 電灯 電力
3,552,274 3,156,061 396,213 1,146,717 1,015,207 131,510 247,924 211,38 8 36,536
7,166,094 6,709,506 456,589 2,880,496 2,580,166 300,330 731,803 674,03 3 57,770
10,718,368 9,865,567 852,802 4,027,213 3,595,373 431,840 979,727 885,4 21 94,306
66.9% 68.0% 53.5% 71.5% 71.8% 69.6% 74.7% 76.1% 61.3%
関西 中国 四国
電灯 電力 電灯 電力 電灯 電力
1,633,381 1,378,714 254,666 482,877 398,177 84,700 284,621 243,562 41,0 59
3,377,029 3,217,054 159,975 1,562,178 1,488,199 73,979 689,239 626,140 63,099
5,010,410 4,595,769 414,641 2,045,055 1,886,376 158,679 973,860 869,70 2 104,158
67.4% 70.0% 38.6% 76.4% 78.9% 46.6% 70.8% 72.0% 60.6%
九州 沖縄 合計
電灯 電力 電灯 電力 電灯 電力
1,018,124 805,962 212,162 95,387 95,387 - 10,045,646 8,655,950 1,389,69 5
2,054,528 1,925,926 128,602 90,198 90,198 - 21,019,856 19,415,680 1,604 ,177
3,072,652 2,731,888 340,764 185,585 185,585 - 31,065,502 28,071,630 2,9 93,872
66.9% 70.5% 37.7% 48.6% 48.6% - 67.7% 69.2% 53.6%
令和6年2月分低圧計
低圧計 低圧計 低圧計
低圧計 低圧計規制料金
自由料金
合計
自由/合計供給種別 低圧計 低圧計
低圧計 低圧計
低圧計販売
電力量
(単位:MWh)
 
 
【表５】  旧供給区域におけるみなし小売 電気事業者の販売電力量（低圧）に占める
自由料金メニューの割合 
供給区域 北海道電力 東北電力
電灯 電力 電灯 電力
434,334 374,901 59,433 1,150,007 976,591 173,416633,866 412,303 221,563 1,203,769 1,107,965 95,804
1,068,200 787,204 280,996 2,353,776 2,084,556 269,220
59.3% 52.4% 78.9% 51.1% 53.2% 35.6%
東京電力 中部電力 北陸電力
電灯 電力 電灯 電力 電灯 電力
3,552,274 3,156,061 396,213 1,146,717 1,015,207 131,510 247,924 211,38 8 36,536
3,338,365 3,085,451 252,914 2,067,329 1,825,177 242,152 670,119 621,98 6 48,133
6,890,639 6,241,512 649,127 3,214,046 2,840,384 373,662 918,043 833,37 4 84,669
48.5% 49.4% 39.0% 64.3% 64.3% 64.8% 73.0% 74.6% 56.9%
関西電力 中国電力 四国電力
電灯 電力 電灯 電力 電灯 電力
1,633,381 1,378,714 254,666 482,877 398,177 84,700 284,621 243,562 41,0 59
1,976,307 1,912,316 63,992 1,321,392 1,272,961 48,431 565,255 515,324 4 9,931
3,609,688 3,291,030 318,658 1,804,269 1,671,138 133,131 849,876 758,88 6 90,990
54.8% 58.1% 20.1% 73.2% 76.2% 36.4% 66.5% 67.9% 54.9%
九州電力 沖縄電力 合計
電灯 電力 電灯 電力 電灯 電力
1,018,124 805,962 212,162 95,387 95,387 - 10,045,646 8,655,950 1,389,69 5
1,583,359 1,503,678 79,681 64,213 64,213 - 13,423,974 12,321,374 1,102, 601
2,601,483 2,309,640 291,843 159,600 159,600 - 23,469,620 20,977,324 2,4 92,296
60.9% 65.1% 27.3% 40.2% 40.2% - 57.2% 58.7% 44.2%
令和6年2月分低圧計 低圧計 低圧計低圧計 低圧計 低圧計販売
電力量
(単位:MWh)規制料金自由料金
合計
自由/合計
低圧計 低圧計 低圧計供給種別 低圧計 低圧計
 
                       
 
 
5 
 
（２）販売額について 
今月分の販売額の実績については、表６から表９に示しており、各表の意義は以
下のとおりです。  
表６：全小売電気事業者の販売額の合計値（電圧種別／エリア別） 表７：新電力の販売額の合計値（電圧種別／全国） 
（あわせて、電圧種別の販売額（全国）に占める新電力の販売額の割合も 記載。） 
表８：みなし小売電気事業者の販売額の合計値（電圧種別／全国） 表９：旧供給区域において、みなし小売電気事業者の販売額（低圧）に占める 
自由料金メニューの割合（全国） 
 
【表６】  全小売電気事業者の販売額（電圧種別／エリア別） 
電灯 電力
北海道 5,657,925 26,880,813 36,278,311 29,120,126 7,158,184 68,817,049
東北 33,314,582 63,765,208 72,706,593 63,878,278 8,828,315 169,786,383
東京 102,938,619 162,724,563 289,931,918 265,523,048 24,408,871 555,595,1 00
中部 52,193,294 73,782,491 98,132,931 86,824,545 11,308,386 224,108,715
北陸 10,826,976 19,316,333 23,071,995 20,274,958 2,797,037 53,215,304
関西 52,117,249 69,005,568 113,766,705 103,409,636 10,357,069 234,889,522
中国 27,141,949 33,217,244 50,219,276 45,742,155 4,477,122 110,578,470
四国 6,437,989 15,769,917 23,631,445 20,583,652 3,047,793 45,839,351
九州 22,344,909 40,373,666 66,787,306 58,292,021 8,495,285 129,505,882
沖縄 2,051,186 4,026,360 5,484,756 4,759,114 725,642 11,562,302
全国計 315,024,678 508,862,163 780,011,237 698,407,533 81,603,704 1,603,898 ,077販売額　合計（単位：千円）
令和6年2月分供給
区域特別高圧 高圧 低圧計 合計
 
 
【表７】  新電力の販売額及び割合（電圧種別／全国） 
電灯 電力
全国 19,407,884 95,031,077 211,959,328 197,592,173 14,367,155 326,398,288
新電力/全体 6.2% 18.7% 27.2% 28.3% 17.6% 20.4%新電力　合計（単位：千円）
高圧 低圧計
令和6年2月分合計 供給区域 特別高圧
 
 
【表８】  みなし小売電気事業者の販売額（電圧種別／全国） 
電灯 電力
全国 295,616,794 413,831,086 568,051,909 500,815,360 67,236,549 1,277,499 ,789みなし小売電気事業者　合計（単位：千円）
令和6年2月分供給区域 特別高圧 高圧 低圧計 合計
※９ みなし小売電気事業者の旧供給区域外における販売実績を含む。 
                       
 
 
6 
 
【表９】  旧供給区域におけるみなし小売 電気事業者の販売額（低圧）に占める自由
料金メニューの割合（全国） 
低圧電灯 低圧電力
規制料金 261,701,809 220,550,802 41,151,007
自由料金 304,009,543 278,694,315 25,315,228
合計 565,711,352 499,245,117 66,466,235
自由/合計 53.7% 55.8% 38.1%
令和6年2月分全国合計
供給種別 低圧計
販売額
（単位：千円）
※１０ 沖縄の低圧電力を除く。 
 
 
（３）契約口数について 
今月分の契約口数の実績については、表１０から表１３に示しており、各表の意義
は以下のとおりです。 
 
表１０：全小売電気事業者の契約口数の合計値（電圧種別／エリア別） 表１１：新電力の契約口数の合計値（電圧種別／全国） 
    （ あ わ せ て 、 電 圧 種別の契約口数（全国）に占める新電力の契約口数の 
割合も記載。） 
表１２：みなし小売電気事業者の契約口数の合計値（電圧種別／全国） 表１３：旧供給区域において、みなし小売電気事業者の契約口数（低圧）に 
占める自由料金メニューの割合（全国） 
  
【表１０】   全小売電気事業者の契約口数（電圧種別／エリア別） 
電灯 電力
北海道 290 40,016 4,029,374 3,675,325 354,049 4,069,680
東北 1,057 85,128 7,903,634 7,201,303 702,331 7,989,819
東京 4,286 260,720 31,302,235 29,628,208 1,674,027 31,567,241
中部 1,500 122,563 11,070,166 10,240,830 829,336 11,194,229
北陸 229 25,241 2,167,948 1,985,507 182,441 2,193,418
関西 2,227 132,450 14,308,204 13,436,890 871,314 14,442,881
中国 778 56,988 5,382,921 5,037,042 345,879 5,440,687
四国 204 31,572 2,843,729 2,588,489 255,240 2,875,505
九州 911 83,360 9,140,003 8,415,199 724,804 9,224,274
沖縄 107 5,910 891,698 846,324 45,374 897,715
全国計 11,589 843,948 89,039,912 83,055,117 5,984,795 89,895,449
令和6年2月分契約口数　合計（単位：件）
合計供給
区域特別高圧 高圧 低圧計
 
                       
 
 
7 
 
【表１１】   新電力の契約口数及び割合（電圧種別／全国） 
電灯 電力
全国 1,577 178,878 19,671,928 18,808,846 863,082 19,852,383
新電力/全体 13.6% 21.2% 22.1% 22.7% 14.4% 22.1%合計 供給区域 特別高圧 高圧 低圧計
令和6年2月分新電力　合計（単位：件）
 
 
【表１２】   みなし小売電気事業 者の契約口数（電圧種別／全国） 
電灯 電力
全国 10,012 665,070 69,367,984 64,246,271 5,121,713 70,043,066みなし小売電気事業者　合計（単位：件）
令和6年2月分合計 供給区域 特別高圧 高圧 低圧計
※１１ みなし小売電気事業者の旧供給区域外における販売実績を含む。  
 
 
【表１３】 旧供給区域におけるみなし小売電気事業者の契約口数（低圧）に占める  
自由料金メニューの割合（全国） 
低圧電灯 低圧電力
規制料金 46,255,230 42,844,717 3,410,513
自由料金 22,888,364 21,221,897 1,666,467
合計 69,143,594 64,066,614 5,076,980
自由/合計 33.1% 33.1% 32.8%
令和6年2月分全国合計
供給種別 低圧計
契約口数
（単位：件）
※１２ 沖縄の低圧電力を除く。 
 
 
（４）スイッチングの状況（低圧）について 
今月分のスイッチングの状況（低圧）の実績については、表１４及び表１５に示して
おり、各表の意義は以下のとおりです。 
 
表１４：低圧の契約のうち、みなし小売電気事業者から新電力等（域外に供給 
しているみなし小売電気事業者を含む。）への変更など、月間のスイッチ ング件数（エリア別） 
表１５：表１４について、平成２８年４月以降の数値を累積したもの（エリア別） 
 
                       
 
 
8 
 
【表１４】 小売電気事業者の月間スイッチング実績（エリア別） 
          （単位：件） 
変更内容みなし小売電気事業
者から新電力等
への変更新電力等から
みなし小売電気事業
者への変更新電力等から
新電力等への変更月間スイッチング
件数合計みなし小売電気事業
者の規制料金から自由料金への変更
北海道
2,521 1,710 920 5,151 2,582
東北 4,876 1,732 1,618 8,226 8,185
東京 17,791 10,835 21,271 49,897 5,521
中部 8,754 2,957 4,374 16,085 5,877
北陸 692 163 167 1,022 3,169
関西 6,217 14,271 15,970 36,458 2,376
中国 3,169 1,017 1,115 5,301 1,557
四国 866 443 502 1,811 1,043
九州 3,372 1,827 2,198 7,397 862
沖縄 587 475 73 1,135 2,645
合計 48,845 35,430 48,208 132,483 33,817
令和6年2月分 
 
 
【表１５】 小売電気事業者の累積スイッチング実績（エリア別／平成２８年４月以降） 
（単位：件） 
変更内容みなし小売電気事業
者から新電力等
への変更新電力等から
みなし小売電気事業
者への変更新電力等から
新電力等への変更スイッチング
件数合計みなし小売電気事業者
の規制料金から自由料
金への変更
北海道 916,720 182,508 196,666 1,295,894 291,825
東北 1,196,201 147,982 294,613 1,638,796 718,339
東京 9,875,989 1,039,547 2,874,552 13,790,088 2,577,536
中部 2,429,311 317,750 452,879 3,199,940 1,983,078
北陸 143,257 29,833 31,425 204,515 408,524
関西 4,053,661 789,806 969,298 5,812,765 2,022,532
中国 674,723 122,152 141,062 937,937 718,111
四国 410,759 70,702 100,074 581,535 395,619
九州 1,561,698 275,644 288,691 2,126,033 940,818
沖縄 119,104 17,283 7,996 144,383 197,808
合計 21,381,423 2,993,207 5,357,256 29,731,886 10,254,190
令和6年2月分 
※１３ 電力広域的運営推進機関から公表されている平成２８年４月以降の累積スイッチング件数との
数値の相違は、①電力広域的運営推進機関の情報には高圧のスイッチング件数が含まれるこ
と、②同機関へのスイッチング申請を行った後、実際にスイッチングが行われるまでに２～３週間程度のタイムラグが存在していること等による。 
 
  
 
  （本発表資料のお問い合わせ先） 
  電力・ガス取引監視等委員会事務局 
取引監視課長  下津 
担当者：安原、野崎、野村、髙森 電 話： 03-3501-1552（直通）
 
