PDF URL: https://www.emsc.meti.go.jp/info/public/pdf/20240119001a.pdf

                       
 
 
1 
 
 
令和６年１月１９日  
経済産業省 電力・ガス取引監視等委員会  
 
電力取引の状況（令和５年１０月分） 
 
 
  当委員会は、平成２８年４月から電力取引の監視に必要な情報について、電気事
業者及び卸電力取引所より定期的に情報収集を 行っており、今般、令和５年１０月分
の販売電力量等の実績について結果を公表します。 
 
※１ 令和６年１月１１日時点における報告を集計（集計にあたり、小数点（ただし、パーセント表示につ
いては小数点第２位）を四捨五入した。）。今後、事業者から修正の申請等があった場合、随時訂正する予定。 
※２ 電力取引報では、集計において事業者の過度の負担を避けるため、販売電力量と販売額につい
て N－１月検針日からN 月検針日前日までの実績をN月分として計上することを認めている。 
したがって、大宗の企業は検針日までの実績を報告しているため、実際のN月需要に対する実績とは一致しない。 
※３ 新電力とは、みなし小売電気事業者（旧一般電気事業者）以外の小売電気事業者を指す。 
※４ 自由料金メニューは、平成２８年３月末時点における旧選択約款に基づく電力供給実績を含む。 
※５ 規制料金メニューの販売実績については、電力調査統計から数値を記載。 
※６ 販売電力量の合計・新電力シェアについては、その他需要を含めず算出。 
※７ その他需要は、建設工事用電力と事業用電力の合計値であり、事業用電力は自社の設備及び
営業所のために供給する電力量を含む。 【主な指標】 
○全体の販売電力量       ６ ３ ２ 億k W h（対前年同月比 １２億 kWh 増） 
○新電力シェア 
販売電力量ベース   １６．０％（対前年同月比  ２．３pt 減） 
      販売額ベース     １８．７％（対前年同月比  ２．４pt 減）       契約口数ベース    ２２．１％（対前年同月比  ０．７pt 減） 
        
※低圧のみ      ２２．１％（対前年同月比   ０．６pt 減 ） 
 
                       
 
 
2 
 
（１）販売電力量について 
今月分の販売電力量の実績については、表１から表５に示しており、各表の意義
は以下のとおりです。 
 
表１：全小売電気事業者（新電力及びみなし小売電気事業者。以下同じ。）の 
販売電力量の合計値（電圧種別／エリア別） 
表２：表１の数値のうち、新電力の数値を抽出したもの 
（あわせて、電圧種別の販売電力量（全国）に占める新電力の販売電力量 
の割合も記載。） 
表３：表１の数値のうち、みなし小売電気事業者の数値を抽出したもの 表４：旧供給区域（みなし小売電気事業者が、平成２８年３月以前に電力供給 
していた区域。以下同じ。）において、全小売電気事業者の販売電力量 
（低圧）に占める自由料金メニューの割合 
表５：表４のうち、みなし小売電気事業者の販売電力量（低圧）に占める自由料金 
   メ ニ ュ ー の割合を抽出したもの 
 
 
【表１】  全小売電気事業者の販売電力量（電圧種別／エリア別） 
電灯 電力
北海道 232,777 948,963 806,434 710,263 96,171 1,988,174 2,824
東北 1,476,103 2,257,565 1,693,438 1,478,974 214,464 5,427,107 2,100
東京 5,745,246 7,343,654 7,337,194 6,566,607 770,587 20,426,094 12,302
中部 3,332,450 3,794,113 2,711,904 2,346,437 365,466 9,838,467 6,599
北陸 559,008 791,740 569,122 499,967 69,155 1,919,870 1,979
関西 3,255,385 3,665,891 3,474,420 3,085,101 389,319 10,395,696 29,535
中国 1,493,901 1,459,104 1,280,983 1,139,718 141,265 4,233,989 12,862
四国 408,042 742,811 720,802 618,343 102,459 1,871,655 5,156
九州 1,625,327 2,465,484 2,254,479 1,912,162 342,317 6,345,290 7,430
沖縄 118,324 255,655 329,718 288,546 41,172 703,697 499
全国計 18,246,564 23,724,981 21,178,493 18,646,118 2,532,375 63,150,037 81,2 87
令和5年10月分販売電力量  合計(単位：MWh）
供給
区域特別高圧 高圧 低圧計 合計 その他需要
 
 
                       
 
 
3 
 
【表２】  新電力の販売電力量及び割合（電圧種別／エリア別） 
電灯 電力
北海道 21,821 125,988 176,340 165,926 10,414 324,149 1,437
東北 49,964 322,822 271,808 247,558 24,250 644,595 1,010
東京 552,004 2,022,192 2,607,071 2,426,903 180,168 5,181,267 12,302
中部 46,841 446,189 556,212 509,434 46,777 1,049,242 6,174
北陸 1,487 74,960 39,765 33,309 6,456 116,212 89
関西 112,765 334,156 1,009,737 913,550 96,187 1,456,658 24,753
中国 55,286 190,469 163,378 142,537 20,841 409,134 3,196
四国 15,233 64,986 95,048 81,725 13,323 175,267 291
九州 80,304 214,312 361,927 312,538 49,389 656,543 892
沖縄 4,346 24,923 46,343 41,181 5,162 75,612 0
全国計 940,052 3,820,998 5,327,628 4,874,661 452,967 10,088,677 50,145
新電力/全体 5.2% 16.1% 25.2% 26.1% 17.9% 16.0% 61.7%供給
区域
令和5年10月分新電力  合計(単位：MWh）
その他需要 特別高圧 高圧 低圧計 合計
 
 
【表３】  みなし小売電気事業者の販売電力量（電圧種別／エリア別） 
電灯 電力
北海道 210,956 822,975 630,094 544,337 85,757 1,664,025 1,387
東北 1,426,139 1,934,743 1,421,630 1,231,416 190,214 4,782,512 1,090
東京 5,193,242 5,321,462 4,730,123 4,139,704 590,419 15,244,827 0
中部 3,285,609 3,347,924 2,155,692 1,837,003 318,689 8,789,225 425
北陸 557,521 716,780 529,357 466,658 62,699 1,803,658 1,890
関西 3,142,620 3,331,735 2,464,683 2,171,551 293,132 8,939,038 4,782
中国 1,438,615 1,268,635 1,117,605 997,181 120,424 3,824,855 9,666
四国 392,809 677,825 625,754 536,618 89,136 1,696,388 4,865
九州 1,545,023 2,251,172 1,892,552 1,599,624 292,928 5,688,747 6,538
沖縄 113,978 230,732 283,375 247,365 36,010 628,085 499
全国計 17,306,512 19,903,983 15,850,865 13,771,457 2,079,408 53,061,360 31,1 42みなし小売電気事業者  合計(単位：MWh）
合計 その他需要
令和5年10月分供給
区域特別高圧 高圧 低圧計
※８ みなし小売電気事業者の旧供給区域外における販売実績を含む。 
 
                       
 
 
4 
 
【表４】  旧供給区域における販売電力量（低圧）に占め る自由料金メニューの割合 
供給区域 北海道 東北
電灯 電力 電灯 電力
369,004 304,565 64,439 822,256 670,819 151,437437,430 405,698 31,732 871,182 808,155 63,027806,434 710,263 96,171 1,693,438 1,478,974 214,464
54.2% 57.1% 33.0% 51.4% 54.6% 29.4%
東京 中部 北陸
電灯 電力 電灯 電力 電灯 電力
2,679,918 2,308,174 371,744 841,455 726,166 115,289 172,998 142,968 30, 030
4,657,276 4,258,433 398,843 1,870,449 1,620,271 250,177 396,124 356,99 9 39,125
7,337,194 6,566,607 770,587 2,711,904 2,346,437 365,466 569,122 499,96 7 69,155
63.5% 64.9% 51.8% 69.0% 69.1% 68.5% 69.6% 71.4% 56.6%
関西 中国 四国
電灯 電力 電灯 電力 電灯 電力
1,239,362 998,775 240,587 361,187 280,007 81,180 243,106 198,199 44,9072,235,057 2,086,326 148,732 919,796 859,711 60,085 477,696 420,144 57,5 52
3,474,420 3,085,101 389,319 1,280,983 1,139,718 141,265 720,802 618,34 3 102,459
64.3% 67.6% 38.2% 71.8% 75.4% 42.5% 66.3% 68.0% 56.2%
九州 沖縄 合計
電灯 電力 電灯 電力 電灯 電力
844,459 619,189 225,270 159,107 159,107 - 7,732,852 6,407,969 1,324,883
1,410,020 1,292,973 117,047 129,439 129,439 - 13,404,468 12,238,149 1,1 66,319
2,254,479 1,912,162 342,317 288,546 288,546 - 21,137,321 18,646,118 2,4 91,202
62.5% 67.6% 34.2% 44.9% 44.9% - 63.4% 65.6% 46.8%
令和5年10月分低圧計
低圧計 低圧計 低圧計
低圧計 低圧計規制料金
自由料金
合計
自由/合計供給種別 低圧計 低圧計
低圧計 低圧計
低圧計販売
電力量
(単位:MWh)
 
 
【表５】  旧供給区域におけるみなし小売 電気事業者の販売電力量（低圧）に占める
自由料金メニューの割合 
供給区域 北海道電力 東北電力
電灯 電力 電灯 電力
369,004 304,565 64,439 822,256 670,819 151,437
260,682 239,365 21,317 598,810 560,084 38,726
629,686 543,930 85,756 1,421,066 1,230,903 190,163
41.4% 44.0% 24.9% 42.1% 45.5% 20.4%
東京電力 中部電力 北陸電力
電灯 電力 電灯 電力 電灯 電力
2,679,918 2,308,174 371,744 841,455 726,166 115,289 172,998 142,968 30, 030
2,028,787 1,812,300 216,487 1,307,791 1,104,816 202,975 356,220 323,58 0 32,640
4,708,705 4,120,474 588,231 2,149,246 1,830,982 318,264 529,218 466,54 8 62,670
43.1% 44.0% 36.8% 60.9% 60.3% 63.8% 67.3% 69.4% 52.1%
関西電力 中国電力 四国電力
電灯 電力 電灯 電力 電灯 電力
1,239,362 998,775 240,587 361,187 280,007 81,180 243,106 198,199 44,9071,208,248 1,159,027 49,221 753,764 714,646 39,118 381,101 337,006 44,09 5
2,447,610 2,157,802 289,808 1,114,951 994,653 120,298 624,207 535,205 8 9,002
49.4% 53.7% 17.0% 67.6% 71.9% 32.5% 61.1% 63.0% 49.5%
九州電力 沖縄電力 合計
電灯 電力 電灯 電力 電灯 電力
844,459 619,189 225,270 159,107 159,107 - 7,732,852 6,407,969 1,324,883
1,047,095 979,565 67,530 88,258 88,258 - 8,030,756 7,318,647 712,109
1,891,554 1,598,754 292,800 247,365 247,365 - 15,763,608 13,726,616 2,0 36,992
55.4% 61.3% 23.1% 35.7% 35.7% - 50.9% 53.3% 35.0%
令和5年10月分低圧計 低圧計 低圧計低圧計 低圧計 低圧計販売
電力量
(単位:MWh)規制料金
自由料金
合計
自由/合計
低圧計 低圧計 低圧計供給種別 低圧計 低圧計
 
                       
 
 
5 
 
（２）販売額について 
今月分の販売額の実績については、表６から表９に示しており、各表の意義は以
下のとおりです。  
表６：全小売電気事業者の販売額の合計値（電圧種別／エリア別） 表７：新電力の販売額の合計値（電圧種別／全国） 
（あわせて、電圧種別の販売額（全国）に占める新電力の販売額の割合も 記載。） 
表８：みなし小売電気事業者の販売額の合計値（電圧種別／全国） 表９：旧供給区域において、みなし小売電気事業者の販売額（低圧）に占める 
自由料金メニューの割合（全国） 
 
【表６】  全小売電気事業者の販売額（電圧種別／エリア別） 
電灯 電力
北海道 5,093,724 23,544,464 25,627,059 22,340,571 3,286,488 54,265,247
東北 33,599,790 59,515,312 48,622,303 41,360,963 7,261,340 141,737,406
東京 108,026,836 158,738,141 207,408,564 183,179,635 24,228,928 474,173,5 41
中部 55,545,557 75,608,632 71,136,769 60,336,338 10,800,431 202,290,959
北陸 11,361,387 19,113,088 15,322,667 13,015,656 2,307,012 45,797,142
関西 55,083,762 72,108,633 82,190,506 71,641,223 10,549,283 209,382,900
中国 29,350,914 34,334,867 34,018,920 29,475,129 4,543,792 97,704,702
四国 7,175,885 15,870,436 18,740,788 15,527,060 3,213,728 41,787,110
九州 24,630,485 44,613,547 52,677,948 43,679,894 8,998,053 121,921,980
沖縄 2,688,108 5,866,267 9,065,371 7,940,169 1,125,202 17,619,746
全国計 332,556,448 509,313,388 564,810,895 488,496,638 76,314,257 1,406,680 ,731販売額　合計（単位：千円）
令和5年10月分供給
区域特別高圧 高圧 低圧計 合計
 
 
【表７】  新電力の販売額及び割合（電圧種別／全国） 
電灯 電力
全国 19,385,128 90,049,410 153,948,717 139,367,776 14,580,941 263,383,255
新電力/全体 5.8% 17.7% 27.3% 28.5% 19.1% 18.7%新電力　合計（単位：千円）
高圧 低圧計
令和5年10月分合計 供給区域 特別高圧
 
 
【表８】  みなし小売電気事業者の販売額（電圧種別／全国） 
電灯 電力
全国 313,171,320 419,263,978 410,862,178 349,128,862 61,733,316 1,143,297 ,476みなし小売電気事業者　合計（単位：千円）
令和5年10月分供給区域 特別高圧 高圧 低圧計 合計
※９ みなし小売電気事業者の旧供給区域外における販売実績を含む。 
                       
 
 
6 
 
【表９】  旧供給区域におけるみなし小売 電気事業者の販売額（低圧）に占める自由
料金メニューの割合（全国） 
低圧電灯 低圧電力
規制料金 208,681,635 166,272,304 42,409,331
自由料金 199,869,851 181,679,466 18,190,385
合計 408,551,486 347,951,770 60,599,716
自由/合計 48.9% 52.2% 30.0%
令和5年10月分全国合計
供給種別 低圧計
販売額
（単位：千円）
※１０ 沖縄の低圧電力を除く。 
 
 
（３）契約口数について 
今月分の契約口数の実績については、表１０から表１３に示しており、各表の意義
は以下のとおりです。 
 
表１０：全小売電気事業者の契約口数の合計値（電圧種別／エリア別） 表１１：新電力の契約口数の合計値（電圧種別／全国） 
    （ あ わ せ て 、 電 圧 種別の契約口数（全国）に占める新電力の契約口数の 
割合も記載。） 
表１２：みなし小売電気事業者の契約口数の合計値（電圧種別／全国） 表１３：旧供給区域において、みなし小売電気事業者の契約口数（低圧）に 
占める自由料金メニューの割合（全国） 
  
【表１０】   全小売電気事業者の契約口数（電圧種別／エリア別） 
電灯 電力
北海道 277 39,257 3,882,284 3,686,025 196,259 3,921,818
東北 1,058 87,075 7,818,902 7,182,012 636,890 7,907,035
東京 4,253 259,332 31,255,300 29,568,654 1,686,646 31,518,885
中部 1,492 122,360 11,047,780 10,213,599 834,181 11,171,632
北陸 232 25,194 2,160,280 1,985,905 174,375 2,185,706
関西 2,230 132,132 14,320,149 13,441,224 878,925 14,454,511
中国 772 56,871 5,393,928 5,034,399 359,529 5,451,571
四国 201 31,558 2,848,361 2,588,891 259,470 2,880,120
九州 898 82,353 9,157,435 8,411,345 746,090 9,240,686
沖縄 104 5,891 887,761 842,274 45,487 893,756
全国計 11,517 842,023 88,772,180 82,954,328 5,817,852 89,625,720
令和5年10月分契約口数　合計（単位：件）
合計供給
区域特別高圧 高圧 低圧計
 
                       
 
 
7 
 
【表１１】   新電力の契約口数及び割合（電圧種別／全国） 
電灯 電力
全国 1,477 175,555 19,596,094 18,733,792 862,302 19,773,126
新電力/全体 12.8% 20.9% 22.1% 22.6% 14.8% 22.1%合計 供給区域 特別高圧 高圧 低圧計
令和5年10月分新電力　合計（単位：件）
 
 
【表１２】   みなし小売電気事業 者の契約口数（電圧種別／全国） 
電灯 電力
全国 10,040 666,468 69,176,086 64,220,536 4,955,550 69,852,594みなし小売電気事業者　合計（単位：件）
令和5年10月分合計 供給区域 特別高圧 高圧 低圧計
※１１ みなし小売電気事業者の旧供給区域外における販売実績を含む。  
 
 
【表１３】 旧供給区域におけるみなし小売電気事業者の契約口数（低圧）に占める  
自由料金メニューの割合（全国） 
低圧電灯 低圧電力
規制料金 46,563,459 43,081,342 3,482,117
自由料金 22,385,295 20,957,239 1,428,056
合計 68,948,754 64,038,581 4,910,173
自由/合計 32.5% 32.7% 29.1%
令和5年10月分全国合計
供給種別 低圧計
契約口数
（単位：件）
※１２ 沖縄の低圧電力を除く。 
 
 
（４）スイッチングの状況（低圧）について 
今月分のスイッチングの状況（低圧）の実績については、表１４及び表１５に示して
おり、各表の意義は以下のとおりです。 
 
表１４：低圧の契約のうち、みなし小売電気事業者から新電力等（域外に供給 
しているみなし小売電気事業者を含む。）への変更など、月間のスイッチ ング件数（エリア別） 
表１５：表１４について、平成２８年４月以降の数値を累積したもの（エリア別） 
 
                       
 
 
8 
 
【表１４】 小売電気事業者の月間スイッチング実績（エリア別） 
          （単位：件） 
変更内容みなし小売電気事業
者から新電力等
への変更新電力等から
みなし小売電気事業
者への変更新電力等から
新電力等への変更月間スイッチング
件数合計みなし小売電気事業
者の規制料金から自由料金への変更
北海道
3,103 1,729 1,270 6,102 2,238
東北 3,121 1,476 2,339 6,936 2,850
東京 17,496 9,386 34,661 61,543 4,641
中部 9,594 2,775 3,862 16,231 2,142
北陸 947 154 931 2,032 1,140
関西 6,806 8,469 36,632 51,907 1,799
中国 3,255 1,265 1,289 5,809 2,271
四国 1,588 746 707 3,041 998
九州 3,158 2,069 2,136 7,363 766
沖縄 663 478 121 1,262 2,837
合計 49,731 28,547 83,948 162,226 21,682
令和5年10月分 
 
 
【表１５】 小売電気事業者の累積スイッチング実績（エリア別／平成２８年４月以降） 
（単位：件） 
変更内容みなし小売電気事業
者から新電力等
への変更新電力等から
みなし小売電気事業
者への変更新電力等から
新電力等への変更スイッチング
件数合計みなし小売電気事業者
の規制料金から自由料
金への変更
北海道 904,130 174,656 191,971 1,270,757 283,244
東北 1,177,880 142,671 284,851 1,605,402 695,503
東京 9,808,586 999,961 2,671,982 13,480,529 2,557,960
中部 2,392,990 304,325 430,695 3,128,010 1,946,549
北陸 139,874 29,238 30,118 199,230 401,329
関西 4,030,105 728,691 928,990 5,687,786 2,013,507
中国 661,109 118,037 134,598 913,744 710,990
四国 406,283 68,863 96,643 571,789 389,491
九州 1,547,434 267,420 278,051 2,092,905 937,223
沖縄 117,304 15,867 7,638 140,809 186,768
合計 21,185,695 2,849,729 5,055,537 29,090,961 10,122,564
令和5年10月分 
※１３ 電力広域的運営推進機関から公表されている平成２８年４月以降の累積スイッチング件数との
数値の相違は、①電力広域的運営推進機関の情報には高圧のスイッチング件数が含まれるこ
と、②同機関へのスイッチング申請を行った後、実際にスイッチングが行われるまでに２～３週間程度のタイムラグが存在していること等による。 
 
  
 
  （本発表資料のお問い合わせ先） 
  電力・ガス取引監視等委員会事務局 
取引監視課長  下津 
担当者：安原、野崎、野村、髙森 電 話： 03-3501-1552（直通）
 
