PDF URL: https://www.emsc.meti.go.jp/info/public/pdf/20240617002a.pdf

                       
 
 
1 
 
 
令和６年６月１７日  
経済産業省 電力・ガス取引監視等委員会  
 
電力取引の状況（令和６年３月分） 
 
 
  当委員会は、平成２８年４月から電力取引の監視に必要な情報について、電気事
業者及び卸電力取引所より定期的に情報収集を行っており、今般、令和６年３月分の販売電力量等の実績について結果を公表します。 
 
※１ 令和６年６月３日時点における報告を集計（集計にあたり、小数点（ただし、パーセント表示につ
いては小数点第２位）を四捨五入した。）。今後、事業者から修正の申請等があった場合、随時訂正する予定。 
※２ 電力取引報では、集計において事業者の過度の負担を避けるため、販売電力量と販売額につい
て N－１月検針日からN 月検針日前日までの実績をN月分として計上することを認めている。 
したがって、大宗の企業は検針日までの実績を報告しているため、実際のN月需要に対する実績とは一致しない。 
※３ 新電力とは、みなし小売電気事業者（旧一般電気事業者）以外の小売電気事業者を指す。 
※４ 自由料金メニューは、平成２８年３月末時点における旧選択約款に基づく電力供給実績を含む。 
※５ 規制料金メニューの販売実績については、電力調査統計から数値を記載。 
※６ 販売電力量の合計・新電力シェアについては、その他需要を含めず算出。 
※７ その他需要は、建設工事用電力と事業用電力の合計値であり、事業用電力は自社の設備及び
営業所のために供給する電力量を含む。 【主な指標】 
○全体の販売電力量       ７ ０ ２ 億k W h（対前年同月比 ４４億 kWh 増） 
○新電力シェア 
販売電力量ベース   １７．３％（対前年同月比  ０．４pt 減） 
      販売額ベース     １９．９％（対前年同月比  ０．６pt 減）       契約口数ベース    ２２．２％（対前年同月比  ０．３pt 減） 
        
※低圧のみ      ２２．２％（対前年同月比   ０．３pt 減 ） 
 
                       
 
 
2 
 
（１）販売電力量について 
今月分の販売電力量の実績については、表１から表５に示しており、各表の意義
は以下のとおりです。 
 
表１：全小売電気事業者（新電力及びみなし小売電気事業者。以下同じ。）の 
販売電力量の合計値（電圧種別／エリア別） 
表２：表１の数値のうち、新電力の数値を抽出したもの 
（あわせて、電圧種別の販売電力量（全国）に占める新電力の販売電力量 
の割合も記載。） 
表３：表１の数値のうち、みなし小売電気事業者の数値を抽出したもの 表４：旧供給区域（みなし小売電気事業者が、平成２８年３月以前に電力供給 
していた区域。以下同じ。）において、全小売電気事業者の販売電力量 
（低圧）に占める自由料金メニューの割合 
表５：表４のうち、みなし小売電気事業者の販売電力量（低圧）に占める自由料金 
   メ ニ ュ ー の割合を抽出したもの 
 
 
【表１】  全小売電気事業者の販売電力量（電圧種別／エリア別） 
電灯 電力
北海道 265,932 1,125,288 1,256,739 987,909 268,830 2,647,958 5,569
東北 1,579,772 2,524,859 2,744,148 2,455,581 288,567 6,848,778 3,311
東京 5,647,433 7,315,897 9,597,389 8,818,090 779,298 22,560,718 13,717
中部 3,257,207 3,626,946 3,692,449 3,293,769 398,680 10,576,603 6,312
北陸 571,936 872,178 938,292 853,429 84,863 2,382,407 2,254
関西 3,224,884 3,451,285 4,645,685 4,261,201 384,484 11,321,854 31,029
中国 1,414,918 1,410,203 1,859,330 1,711,840 147,490 4,684,451 12,758
四国 364,860 776,944 982,173 876,159 106,014 2,123,977 279
九州 1,562,205 2,165,888 2,881,159 2,544,890 336,269 6,609,252 7,525
沖縄 97,669 170,396 211,348 190,671 20,677 479,413 336
全国計 17,986,815 23,439,884 28,808,712 25,993,539 2,815,172 70,235,411 83,0 90その他需要
令和6年3月分販売電力量  合計(単位：MWh）
供給
区域特別高圧 高圧 低圧計 合計
 
 
                       
 
 
3 
 
【表２】  新電力の販売電力量及び割合（電圧種別／エリア別） 
電灯 電力
北海道 22,782 160,502 221,449 208,123 13,326 404,732 2,795
東北 75,594 423,239 406,989 375,187 31,802 905,821 1,878
東京 601,028 2,123,789 3,349,255 3,170,461 178,793 6,074,071 13,717
中部 50,548 497,142 765,679 713,243 52,436 1,313,370 5,804
北陸 2,074 90,560 59,412 50,444 8,968 152,047 138
関西 122,934 387,811 1,279,792 1,193,738 86,054 1,790,537 25,895
中国 61,950 236,766 217,299 194,407 22,892 516,015 3,754
四国 11,761 77,487 122,141 109,371 12,770 211,389 279
九州 58,379 253,057 441,581 397,330 44,251 753,017 1,439
沖縄 2,879 20,700 28,604 26,575 2,029 52,183 0
全国計 1,009,928 4,271,053 6,892,201 6,438,879 453,321 12,173,182 55,699
新電力/全体 5.6% 18.2% 23.9% 24.8% 16.1% 17.3% 67.0%特別高圧 高圧 低圧計 合計
令和6年3月分新電力  合計(単位：MWh）
その他需要供給
区域
 
 
 
【表３】  みなし小売電気事業者の販売電力量（電圧種別／エリア別） 
電灯 電力
北海道 243,150 964,786 1,035,290 779,786 255,504 2,243,226 2,774
東北 1,504,178 2,101,620 2,337,159 2,080,394 256,765 5,942,957 1,433
東京 5,046,405 5,192,108 6,248,134 5,647,629 600,505 16,486,647 0
中部 3,206,659 3,129,804 2,926,770 2,580,526 346,244 9,263,233 508
北陸 569,862 781,618 878,880 802,985 75,895 2,230,360 2,116
関西 3,101,950 3,063,474 3,365,893 3,067,463 298,430 9,531,317 5,134
中国 1,352,968 1,173,437 1,642,031 1,517,433 124,598 4,168,436 9,004
四国 353,099 699,457 860,032 766,788 93,244 1,912,588 0
九州 1,503,826 1,912,831 2,439,578 2,147,560 292,018 5,856,235 6,086
沖縄 94,790 149,696 182,744 164,096 18,648 427,230 336
全国計 16,976,887 19,168,831 21,916,511 19,554,660 2,361,851 58,062,229 27,3 91供給
区域特別高圧 高圧 低圧計
令和6年3月分みなし小売電気事業者  合計(単位：MWh）
合計 その他需要
※８ みなし小売電気事業者の旧供給区域外における販売実績を含む。 
 
                       
 
 
4 
 
【表４】  旧供給区域における販売電力量（低圧）に占め る自由料金メニューの割合 
供給区域 北海道 東北
電灯 電力 電灯 電力
429,174 369,250 59,924 1,128,058 958,613 169,445827,565 618,659 208,906 1,616,090 1,496,968 119,122
1,256,739 987,909 268,830 2,744,148 2,455,581 288,567
65.9% 62.6% 77.7% 58.9% 61.0% 41.3%
東京 中部 北陸
電灯 電力 電灯 電力 電灯 電力
3,295,088 2,923,137 371,951 1,041,009 921,627 119,382 234,360 200,309 3 4,051
6,302,301 5,894,953 407,347 2,651,440 2,372,142 279,298 703,932 653,12 0 50,812
9,597,389 8,818,090 779,298 3,692,449 3,293,769 398,680 938,292 853,42 9 84,863
65.7% 66.9% 52.3% 71.8% 72.0% 70.1% 75.0% 76.5% 59.9%
関西 中国 四国
電灯 電力 電灯 電力 電灯 電力
1,516,903 1,281,858 235,045 440,089 361,686 78,403 285,827 244,173 41,6 54
3,128,782 2,979,343 149,438 1,419,241 1,350,154 69,087 696,346 631,986 64,360
4,645,685 4,261,201 384,484 1,859,330 1,711,840 147,490 982,173 876,15 9 106,014
67.4% 69.9% 38.9% 76.3% 78.9% 46.8% 70.9% 72.1% 60.7%
九州 沖縄 合計
電灯 電力 電灯 電力 電灯 電力
951,987 751,105 200,882 97,592 97,592 - 9,420,087 8,109,350 1,310,737
1,929,172 1,793,785 135,387 93,079 93,079 - 19,367,947 17,884,190 1,483 ,758
2,881,159 2,544,890 336,269 190,671 190,671 - 28,788,034 25,993,539 2,7 94,495
67.0% 70.5% 40.3% 48.8% 48.8% - 67.3% 68.8% 53.1%規制料金
自由料金
合計
自由/合計供給種別 低圧計 低圧計
低圧計 低圧計
低圧計販売
電力量
(単位:MWh)
令和6年3月分低圧計
低圧計 低圧計 低圧計
低圧計 低圧計
 
 
 
【表５】  旧供給区域におけるみなし小売 電気事業者の販売電力量（低圧）に占める
自由料金メニューの割合 
供給区域 北海道電力 東北電力
電灯 電力 電灯 電力
429,174 369,250 59,924 1,128,058 958,613 169,445605,606 410,031 195,575 1,208,225 1,120,949 87,276
1,034,780 779,281 255,499 2,336,283 2,079,562 256,721
58.5% 52.6% 76.6% 51.7% 53.9% 34.0%
東京電力 中部電力 北陸電力
電灯 電力 電灯 電力 電灯 電力
3,295,088 2,923,137 371,951 1,041,009 921,627 119,382 234,360 200,309 3 4,051
2,926,334 2,699,719 226,615 1,878,303 1,651,920 226,383 644,353 602,52 8 41,825
6,221,422 5,622,856 598,566 2,919,312 2,573,547 345,765 878,713 802,83 7 75,876
47.0% 48.0% 37.9% 64.3% 64.2% 65.5% 73.3% 75.1% 55.1%
関西電力 中国電力 四国電力
電灯 電力 電灯 電力 電灯 電力
1,516,903 1,281,858 235,045 440,089 361,686 78,403 285,827 244,173 41,6 54
1,831,355 1,770,236 61,119 1,199,032 1,152,908 46,124 572,660 521,166 5 1,494
3,348,258 3,052,094 296,164 1,639,121 1,514,594 124,527 858,487 765,33 9 93,148
54.7% 58.0% 20.6% 73.2% 76.1% 37.0% 66.7% 68.1% 55.3%
九州電力 沖縄電力 合計
電灯 電力 電灯 電力 電灯 電力
951,987 751,105 200,882 97,592 97,592 - 9,420,087 8,109,350 1,310,737
1,486,597 1,395,538 91,059 66,504 66,504 - 12,418,969 11,391,499 1,027, 470
2,438,584 2,146,643 291,941 164,096 164,096 - 21,839,056 19,500,849 2,3 38,207
61.0% 65.0% 31.2% 40.5% 40.5% - 56.9% 58.4% 43.9%低圧計 低圧計 低圧計供給種別 低圧計 低圧計
低圧計 低圧計 低圧計販売
電力量
(単位:MWh)規制料金自由料金
合計
自由/合計
低圧計 低圧計 低圧計
令和6年3月分 
                       
 
 
5 
 
（２）販売額について 
今月分の販売額の実績については、表６から表９に示しており、各表の意義は以
下のとおりです。  
表６：全小売電気事業者の販売額の合計値（電圧種別／エリア別） 表７：新電力の販売額の合計値（電圧種別／全国） 
（あわせて、電圧種別の販売額（全国）に占める新電力の販売額の割合も 記載。） 
表８：みなし小売電気事業者の販売額の合計値（電圧種別／全国） 表９：旧供給区域において、みなし小売電気事業者の販売額（低圧）に占める 
自由料金メニューの割合（全国）  
 
【表６】  全小売電気事業者の販売額（電圧種別／エリア別） 
電灯 電力
北海道 5,755,312 26,516,019 35,714,820 28,965,585 6,749,235 67,986,151
東北 35,233,925 62,963,284 72,589,203 64,190,749 8,398,455 170,786,413
東京 109,030,416 155,760,471 263,423,135 239,918,982 23,504,153 528,214,0 23
中部 55,453,546 72,813,091 93,305,169 82,244,904 11,060,265 221,571,806
北陸 11,127,122 19,608,851 22,084,371 19,542,296 2,542,075 52,820,345
関西 54,487,584 67,285,831 106,360,691 96,307,653 10,053,037 228,134,106
中国 28,103,668 31,897,601 45,807,306 41,467,486 4,339,820 105,808,575
四国 6,397,682 16,062,277 23,735,477 20,643,867 3,091,610 46,195,436
九州 23,319,985 39,377,636 62,700,973 54,291,082 8,409,891 125,398,594
沖縄 2,178,093 4,020,727 5,667,800 4,912,718 755,081 11,866,620
全国計 331,087,334 496,305,789 731,388,944 652,485,323 78,903,621 1,558,782 ,068供給
区域特別高圧 高圧 低圧計 合計販売額　合計（単位：千円）
令和6年3月分 
 
【表７】  新電力の販売額及び割合（電圧種別／全国） 
電灯 電力
全国 20,377,432 94,265,633 194,975,749 181,156,793 13,818,956 309,618,815
新電力/全体 6.2% 19.0% 26.7% 27.8% 17.5% 19.9%
令和6年3月分合計 供給区域 特別高圧新電力　合計（単位：千円）
高圧 低圧計
 
 
【表８】  みなし小売電気事業者の販売額（電圧種別／全国） 
電灯 電力
全国 310,709,902 402,040,156 536,413,195 471,328,530 65,084,665 1,249,163 ,253合計
令和6年3月分供給区域 特別高圧 高圧 低圧計みなし小売電気事業者　合計（単位：千円）
※９ みなし小売電気事業者の旧供給区域外における販売実績を含む。 
                       
 
 
6 
 
【表９】  旧供給区域におけるみなし小売 電気事業者の販売額（低圧）に占める自由
料金メニューの割合（全国） 
低圧電灯 低圧電力
規制料金 249,239,007 208,886,972 40,352,035
自由料金 284,972,585 261,029,419 23,943,166
合計 534,211,592 469,916,391 64,295,201
自由/合計 53.3% 55.6% 37.2%
令和6年3月分全国合計
供給種別 低圧計
販売額
（単位：千円）
※１０ 沖縄の低圧電力を除く。 
 
 
（３）契約口数について 
今月分の契約口数の実績については、表１０から表１３に示しており、各表の意義
は以下のとおりです。 
 
表１０：全小売電気事業者の契約口数の合計値（電圧種別／エリア別） 表１１：新電力の契約口数の合計値（電圧種別／全国） 
    （ あ わ せ て 、 電 圧 種別の契約口数（全国）に占める新電力の契約口数の 
割合も記載。） 
表１２：みなし小売電気事業者の契約口数の合計値（電圧種別／全国） 表１３：旧供給区域において、みなし小売電気事業者の契約口数（低圧）に 
占める自由料金メニューの割合（全国） 
  
【表１０】   全小売電気事業者の契約口数（電圧種別／エリア別） 
電灯 電力
北海道 289 39,884 4,043,257 3,690,151 353,106 4,083,430
東北 1,062 85,243 7,891,649 7,205,947 685,702 7,977,954
東京 4,327 261,350 31,365,814 29,691,519 1,674,295 31,631,491
中部 1,487 122,728 11,084,185 10,255,912 828,273 11,208,400
北陸 232 25,025 2,164,748 1,987,178 177,570 2,190,005
関西 2,152 132,078 14,311,750 13,441,925 869,825 14,445,980
中国 768 56,853 5,385,622 5,040,108 345,514 5,443,243
四国 201 31,240 2,845,861 2,590,669 255,192 2,877,302
九州 916 83,477 9,144,565 8,419,711 724,854 9,228,958
沖縄 106 5,916 893,263 848,019 45,244 899,285
全国計 11,540 843,794 89,130,714 83,171,139 5,959,575 89,986,048合計供給
区域特別高圧 高圧 低圧計
令和6年3月分契約口数　合計（単位：件）
 
                       
 
 
7 
 
【表１１】   新電力の契約口数及び割合（電圧種別／全国） 
電灯 電力
全国 1,630 180,104 19,817,821 18,953,006 864,815 19,999,555
新電力/全体 14.1% 21.3% 22.2% 22.8% 14.5% 22.2%
令和6年3月分新電力　合計（単位：件）
合計 供給区域 特別高圧 高圧 低圧計
 
 
 
【表１２】   みなし小売電気事業 者の契約口数（電圧種別／全国） 
電灯 電力
全国 9,910 663,690 69,312,893 64,218,133 5,094,760 69,986,493低圧計 供給区域 特別高圧 高圧みなし小売電気事業者　合計（単位：件）
令和6年3月分合計
※１１ みなし小売電気事業者の旧供給区域外における販売実績を含む。  
 
 
【表１３】 旧供給区域におけるみなし小売電気事業者の契約口数（低圧）に占める  
自由料金メニューの割合（全国） 
低圧電灯 低圧電力
規制料金 46,126,633 42,717,968 3,408,665
自由料金 22,962,565 21,321,026 1,641,539
合計 69,089,198 64,038,994 5,050,204
自由/合計 33.2% 33.3% 32.5%
令和6年3月分全国合計
供給種別 低圧計
契約口数
（単位：件）
※１２ 沖縄の低圧電力を除く。 
 
 
（４）スイッチングの状況（低圧）について 
今月分のスイッチングの状況（低圧）の実績については、表１４及び表１５に示して
おり、各表の意義は以下のとおりです。  
表１４：低圧の契約のうち、みなし小売電気事業者から新電力等（域外に供給 
しているみなし小売電気事業者を含む。）への変更など、月間のスイッチ ング件数（エリア別） 
表１５：表１４について、平成２８年４月以降の数値を累積したもの（エリア別） 
 
                       
 
 
8 
 
【表１４】 小売電気事業者の月間スイッチング実績（エリア別） 
          （単位：件） 
変更内容みなし小売電気事業
者から新電力等
への変更新電力等から
みなし小売電気事業
者への変更新電力等から
新電力等への変更月間スイッチング
件数合計みなし小売電気事業
者の規制料金から自由料金への変更
北海道
4,124 1,775 1,423 7,322 2,879
東北 6,732 1,740 2,198 10,670 17,772
東京 18,956 11,611 65,723 96,290 5,786
中部 8,612 2,952 3,589 15,153 2,649
北陸 1,222 153 485 1,860 4,660
関西 7,202 15,574 6,199 28,975 2,670
中国 3,163 1,148 905 5,216 1,866
四国 1,366 428 800 2,594 1,136
九州 3,593 2,243 2,117 7,953 966
沖縄 600 419 63 1,082 2,761
合計 55,570 38,043 83,502 177,115 43,145
令和6年3月分 
 
 
【表１５】 小売電気事業者の累積スイッチング実績（エリア別／平成２８年４月以降） 
（単位：件） 
変更内容みなし小売電気事業
者から新電力等
への変更新電力等から
みなし小売電気事業
者への変更新電力等から
新電力等への変更スイッチング
件数合計みなし小売電気事業者
の規制料金から自由料
金への変更
北海道 920,844 184,283 198,089 1,303,216 294,704
東北 1,202,933 149,722 296,811 1,649,466 736,111
東京 9,894,945 1,051,158 2,940,275 13,886,378 2,583,322
中部 2,437,923 320,702 456,468 3,215,093 1,985,727
北陸 144,479 29,986 31,910 206,375 413,184
関西 4,060,863 805,380 975,497 5,841,740 2,025,202
中国 677,886 123,300 141,967 943,153 719,977
四国 412,125 71,130 100,874 584,129 396,755
九州 1,565,291 277,887 290,808 2,133,986 941,784
沖縄 119,704 17,702 8,059 145,465 200,569
合計 21,436,993 3,031,250 5,440,758 29,909,001 10,297,335
令和6年3月分 
※１３ 電力広域的運営推進機関から公表されている平成２８年４月以降の累積スイッチング件数との
数値の相違は、①電力広域的運営推進機関の情報には高圧のスイッチング件数が含まれるこ
と、②同機関へのスイッチング申請を行った後、実際にスイッチングが行われるまでに２～３週間程度のタイムラグが存在していること等による。 
 
  
 
  （本発表資料のお問い合わせ先） 
  電力・ガス取引監視等委員会事務局 
取引監視課長  下津 
担当者：安原、野崎、野村、髙森 電 話： 03-3501-1552（直通）
 
