PDF URL: https://www.emsc.meti.go.jp/info/public/pdf/20240415002a.pdf

                       
 
 
1 
 
 
令和６年４月１５日  
経済産業省 電力・ガス取引監視等委員会  
 
電力取引の状況（令和６年１月分） 
 
 
  当委員会は、平成２８年４月から電力取引の監視に必要な情報について、電気事
業者及び卸電力取引所より定期的に情報収集を行っており、今般、令和６年１月分の販売電力量等の実績について結果を公表します。 
 
※１ 令和６年４月９日時点における報告を集計（集計にあたり、小数点（ただし、パーセント表示につ
いては小数点第２位）を四捨五入した。）。今後、事業者から修正の申請等があった場合、随時訂正する予定。 
※２ 電力取引報では、集計において事業者の過度の負担を避けるため、販売電力量と販売額につい
て N－１月検針日からN 月検針日前日までの実績をN月分として計上することを認めている。 
したがって、大宗の企業は検針日までの実績を報告しているため、実際のN月需要に対する実績とは一致しない。 
※３ 新電力とは、みなし小売電気事業者（旧一般電気事業者）以外の小売電気事業者を指す。 
※４ 自由料金メニューは、平成２８年３月末時点における旧選択約款に基づく電力供給実績を含む。 
※５ 規制料金メニューの販売実績については、電力調査統計から数値を記載。 
※６ 販売電力量の合計・新電力シェアについては、その他需要を含めず算出。 
※７ その他需要は、建設工事用電力と事業用電力の合計値であり、事業用電力は自社の設備及び
営業所のために供給する電力量を含む。 【主な指標】 
○全体の販売電力量       ７ ４ ３ 億k W h（対前年同月比 ２３億 kWh 減） 
○新電力シェア 
販売電力量ベース   １７．５％（対前年同月比  １．３pt 減） 
      販売額ベース     ２０．２％（対前年同月比  １．４pt 減）       契約口数ベース    ２２．０％（対前年同月比  ０．５pt 減） 
        
※低圧のみ      ２２．０％（対前年同月比   ０．５pt 減 ） 
 
                       
 
 
2 
 
（１）販売電力量について 
今月分の販売電力量の実績については、表１から表５に示しており、各表の意義
は以下のとおりです。 
 
表１：全小売電気事業者（新電力及びみなし小売電気事業者。以下同じ。）の 
販売電力量の合計値（電圧種別／エリア別） 
表２：表１の数値のうち、新電力の数値を抽出したもの 
（あわせて、電圧種別の販売電力量（全国）に占める新電力の販売電力量 
の割合も記載。） 
表３：表１の数値のうち、みなし小売電気事業者の数値を抽出したもの 表４：旧供給区域（みなし小売電気事業者が、平成２８年３月以前に電力供給 
していた区域。以下同じ。）において、全小売電気事業者の販売電力量 
（低圧）に占める自由料金メニューの割合 
表５：表４のうち、みなし小売電気事業者の販売電力量（低圧）に占める自由料金 
   メ ニ ュ ー の割合を抽出したもの 
 
 
【表１】  全小売電気事業者の販売電力量（電圧種別／エリア別） 
電灯 電力
北海道 247,870 1,198,397 1,584,993 1,242,693 342,301 3,031,260 6,422
東北 1,491,007 2,594,225 3,164,509 2,822,853 341,656 7,249,741 3,351
東京 5,318,720 7,397,418 10,352,379 9,539,448 812,931 23,068,516 12,971
中部 2,990,161 3,633,707 4,358,975 3,907,593 451,382 10,982,844 6,679
北陸 508,468 881,429 1,061,942 962,814 99,128 2,451,839 2,355
関西 3,126,346 3,495,332 5,584,240 5,143,081 441,159 12,205,918 26,288
中国 1,389,892 1,457,762 2,175,317 2,012,528 162,789 5,022,971 13,088
四国 365,954 800,252 1,126,150 1,007,607 118,544 2,292,356 4,435
九州 1,469,786 2,291,841 3,672,294 3,277,262 395,032 7,433,920 7,840
沖縄 88,907 180,532 253,747 230,576 23,171 523,186 364
全国計 16,997,110 23,930,893 33,334,547 30,146,454 3,188,093 74,262,551 83,7 94
令和6年1月分販売電力量  合計(単位：MWh）
供給
区域特別高圧 高圧 低圧計 合計 その他需要
 
 
                       
 
 
3 
 
【表２】  新電力の販売電力量及び割合（電圧種別／エリア別） 
電灯 電力
北海道 20,528 161,773 272,605 256,537 16,069 454,906 2,505
東北 66,540 422,904 457,291 421,920 35,371 946,735 1,888
東京 547,371 2,163,330 3,555,975 3,373,187 182,788 6,266,675 12,971
中部 41,917 504,730 888,727 829,173 59,554 1,435,375 6,153
北陸 2,090 94,831 65,986 56,121 9,865 162,907 153
関西 112,368 382,074 1,544,026 1,444,832 99,194 2,038,468 20,940
中国 77,132 247,912 248,727 223,429 25,298 573,771 3,892
四国 10,555 80,592 139,100 124,847 14,254 230,247 132
九州 46,351 262,690 556,893 500,987 55,906 865,933 1,521
沖縄 3,029 19,570 30,890 28,929 1,961 53,489 0
全国計 927,880 4,340,404 7,760,221 7,259,961 500,260 13,028,506 50,156
新電力/全 体 5.5% 18.1% 23.3% 24.1% 15.7% 17.5% 59.9%供給
区域
令和6年1月分新電力  合計(単位：MWh）
その他需要 特別高圧 高圧 低圧計 合計
 
 
【表３】  みなし小売電気事業者の販売電力量（電圧種別／エリア別） 
電灯 電力
北海道 227,342 1,036,624 1,312,388 986,156 326,232 2,576,354 3,917
東北 1,424,467 2,171,321 2,707,218 2,400,933 306,285 6,303,006 1,463
東京 4,771,349 5,234,088 6,796,404 6,166,261 630,143 16,801,841 0
中部 2,948,244 3,128,977 3,470,248 3,078,420 391,828 9,547,469 526
北陸 506,378 786,598 995,956 906,693 89,263 2,288,932 2,202
関西 3,013,978 3,113,258 4,040,214 3,698,249 341,965 10,167,450 5,348
中国 1,312,760 1,209,850 1,926,590 1,789,099 137,491 4,449,200 9,196
四国 355,399 719,660 987,050 882,760 104,290 2,062,109 4,303
九州 1,423,435 2,029,151 3,115,401 2,776,275 339,126 6,567,987 6,319
沖縄 85,878 160,962 222,857 201,647 21,210 469,697 364
全国計 16,069,230 19,590,489 25,574,326 22,886,493 2,687,833 61,234,045 33,6 38みなし小売電気事業者  合計(単位：MWh）
合計 その他需要
令和6年1月分供給
区域特別高圧 高圧 低圧計
※８ みなし小売電気事業者の旧供給区域外における販売実績を含む。 
 
                       
 
 
4 
 
【表４】  旧供給区域における販売電力量（低圧）に占め る自由料金メニューの割合 
供給区域 北海道 東北
電灯 電力 電灯 電力
538,028 467,134 70,894 1,317,687 1,125,334 192,353
1,046,965 775,559 271,407 1,846,822 1,697,519 149,303
1,584,993 1,242,693 342,301 3,164,509 2,822,853 341,656
66.1% 62.4% 79.3% 58.4% 60.1% 43.7%
東京 中部 北陸
電灯 電力 電灯 電力 電灯 電力
3,658,647 3,264,821 393,826 1,235,040 1,099,575 135,465 269,035 230,789 38,246
6,693,732 6,274,627 419,105 3,123,935 2,808,018 315,917 792,907 732,025 60,882
10,352,379 9,539,448 812,931 4,358,975 3,907,593 451,382 1,061,942 962,814 99,128
64.7% 65.8% 51.6% 71.7% 71.9% 70.0% 74.7% 76.0% 61.4%
関西 中国 四国
電灯 電力 電灯 電力 電灯 電力
1,803,739 1,536,364 267,375 515,120 428,886 86,234 329,158 282,884 46,274
3,780,501 3,606,717 173,784 1,660,197 1,583,642 76,555 796,992 724,723 72,270
5,584,240 5,143,081 441,159 2,175,317 2,012,528 162,789 1,126,150 1,007,607 118,544
67.7% 70.1% 39.4% 76.3% 78.7% 47.0% 70.8% 71.9% 61.0%
九州 沖縄 合計
電灯 電力 電灯 電力 電灯 電力
1,207,541 962,817 244,724 120,764 120,764 - 10,994,759 9,519,368 1,475,391
2,464,753 2,314,445 150,308 109,812 109,812 - 22,316,617 20,627,086 1,689,531
3,672,294 3,277,262 395,032 230,576 230,576 - 33,311,376 30,146,454 3,164,922
67.1% 70.6% 38.1% 47.6% 47.6% - 67.0% 68.4% 53.4%
令和6年1月分低圧計
低圧計 低圧計 低圧計
低圧計 低圧計規制料金
自由料金
合計
自由/合計供給種別 低圧計 低圧計
低圧計 低圧計
低圧計販売
電力量
(単位:MWh)
 
 
【表５】  旧供給区域におけるみなし小売 電気事業者の販売電力量（低圧）に占める
自由料金メニューの割合 
供給区域 北海道電力 東北電力
電灯 電力 電灯 電力
538,028 467,134 70,894 1,317,687 1,125,334 192,353
773,728 518,395 255,333 1,388,570 1,274,687 113,883
1,311,756 985,529 326,227 2,706,257 2,400,021 306,236
59.0% 52.6% 78.3% 51.3% 53.1% 37.2%
東京電力 中部電力 北陸電力
電灯 電力 電灯 電力 電灯 電力
3,658,647 3,264,821 393,826 1,235,040 1,099,575 135,465 269,035 230,789 38,246
3,110,547 2,876,167 234,380 2,225,641 1,969,870 255,771 726,723 675,729 50,994
6,769,194 6,140,988 628,206 3,460,681 3,069,445 391,236 995,758 906,518 89,240
46.0% 46.8% 37.3% 64.3% 64.2% 65.4% 73.0% 74.5% 57.1%
関西電力 中国電力 四国電力
電灯 電力 電灯 電力 電灯 電力
1,803,739 1,536,364 267,375 515,120 428,886 86,234 329,158 282,884 46,274
2,215,589 2,143,610 71,979 1,408,106 1,356,959 51,147 656,233 598,327 57,906
4,019,328 3,679,974 339,354 1,923,226 1,785,845 137,381 985,391 881,211 104,180
55.1% 58.3% 21.2% 73.2% 76.0% 37.2% 66.6% 67.9% 55.6%
九州電力 沖縄電力 合計
電灯 電力 電灯 電力 電灯 電力
1,207,541 962,817 244,724 120,764 120,764 - 10,994,759 9,519,368 1,475,391
1,906,533 1,812,222 94,311 80,883 80,883 - 14,492,553 13,306,849 1,185,704
3,114,074 2,775,039 339,035 201,647 201,647 - 25,487,312 22,826,217 2,661,095
61.2% 65.3% 27.8% 40.1% 40.1% - 56.9% 58.3% 44.6%
令和6年1月分低圧計 低圧計 低圧計低圧計 低圧計 低圧計販売
電力量
(単位:MWh)規制料金
自由料金
合計
自由/合計
低圧計 低圧計 低圧計供給種別 低圧計 低圧計
 
                       
 
 
5 
 
（２）販売額について 
今月分の販売額の実績については、表６から表９に示しており、各表の意義は以
下のとおりです。  
表６：全小売電気事業者の販売額の合計値（電圧種別／エリア別） 表７：新電力の販売額の合計値（電圧種別／全国） 
（あわせて、電圧種別の販売額（全国）に占める新電力の販売額の割合も 記載。） 
表８：みなし小売電気事業者の販売額の合計値（電圧種別／全国） 表９：旧供給区域において、みなし小売電気事業者の販売額（低圧）に占める 
自由料金メニューの割合（全国） 
 
【表６】  全小売電気事業者の販売額（電圧種別／エリア別） 
電灯 電力
北海道 5,708,419 27,773,959 43,874,149 35,980,772 7,893,377 77,356,527
東北 33,124,688 63,888,201 82,442,909 72,978,857 9,464,051 179,455,798
東京 103,655,366 158,083,667 280,099,405 256,338,155 23,761,250 541,838,4 38
中部 51,290,213 71,717,806 104,630,432 93,131,413 11,499,020 227,638,452
北陸 10,236,752 19,996,071 24,838,660 21,882,786 2,955,875 55,071,483
関西 52,097,355 67,108,604 126,596,997 115,885,128 10,711,869 245,802,955
中国 27,440,163 32,944,678 53,259,936 48,715,077 4,544,859 113,644,777
四国 6,390,396 16,421,844 27,069,078 23,816,745 3,252,332 49,881,317
九州 22,140,441 40,765,433 78,177,828 68,974,222 9,203,606 141,083,702
沖縄 1,993,901 4,098,671 6,670,827 5,903,446 767,381 12,763,399
全国計 314,077,694 502,798,933 827,660,220 743,606,601 84,053,619 1,644,536 ,847販売額　合計（単位：千円）
令和6年1月分供給
区域特別高圧 高圧 低圧計 合計
 
【表７】  新電力の販売額及び割合（電圧種別／全国） 
電灯 電力
全国 18,745,357 96,000,911 217,370,479 202,919,445 14,451,034 332,116,747
新電力/全体 6.0% 19.1% 26.3% 27.3% 17.2% 20.2%新電力　合計（単位：千円）
高圧 低圧計
令和6年1月分合計 供給区域 特別高圧
 
【表８】  みなし小売電気事業者の販売額（電圧種別／全国） 
電灯 電力
全国 295,332,337 406,798,022 610,289,741 540,687,156 69,602,585 1,312,420 ,100みなし小売電気事業者　合計（単位：千円）
令和6年1月分供給区域 特別高圧 高圧 低圧計 合計
※９ みなし小売電気事業者の旧供給区域外における販売実績を含む。 
                       
 
 
6 
 
【表９】  旧供給区域におけるみなし小売 電気事業者の販売額（低圧）に占める自由
料金メニューの割合（全国） 
低圧電灯 低圧電力
規制料金 284,179,337 2 41,857,012 42,322,325
自由料金 323,729,597 2 97,261,765 26,467,832
合計 607,908,934 539, 118,777 68,790,157
自由/合計 53.3% 55.1% 38.5%
令和6年1月分全国合計
供給種別 低圧計
販売額
（単位：千円）
※１０ 沖縄の低圧電力を除く。 
 
 
（３）契約口数について 
今月分の契約口数の実績については、表１０から表１３に示しており、各表の意義
は以下のとおりです。 
 
表１０：全小売電気事業者の契約口数の合計値（電圧種別／エリア別） 表１１：新電力の契約口数の合計値（電圧種別／全国） 
    （ あ わ せ て 、 電 圧 種別の契約口数（全国）に占める新電力の契約口数の 
割合も記載。） 
表１２：みなし小売電気事業者の契約口数の合計値（電圧種別／全国） 表１３：旧供給区域において、みなし小売電気事業者の契約口数（低圧）に 
占める自由料金メニューの割合（全国） 
  
【表１０】   全小売電気事業者の契約口数（電圧種別／エリア別） 
電灯 電力
北海道 290 39,969 4,029,302 3,674,968 354,334 4,069,561
東北 1,058 84,933 7,900,617 7,198,183 702,434 7,986,608
東京 4,263 260,336 31,253,216 29,576,922 1,676,294 31,517,815
中部 1,499 122,441 11,063,465 10,233,234 830,231 11,187,405
北陸 224 25,334 2,172,687 1,988,796 183,891 2,198,245
関西 2,228 132,539 14,306,543 13,434,115 872,428 14,441,310
中国 773 56,933 5,382,846 5,036,258 346,588 5,440,552
四国 205 31,553 2,836,621 2,580,670 255,951 2,868,379
九州 911 83,190 9,138,824 8,413,220 725,604 9,222,925
沖縄 105 5,895 881,549 836,707 44,842 887,549
全国計 11,556 843,123 88,965,670 82,973,073 5,992,597 89,820,349
令和6年1月分契約口数　合計（単位：件）
合計供給
区域特別高圧 高圧 低圧計
 
                       
 
 
7 
 
【表１１】   新電力の契約口数及び割合（電圧種別／全国） 
電灯 電力
全国 1,541 177,768 19,592,161 18,730,288 861,873 19,771,470
新電力/全体 13.3% 21.1% 22.0% 22.6% 14.4% 22.0%合計 供給区域 特別高圧 高圧 低圧計
令和6年1月分新電力　合計（単位：件）
 
 
【表１２】   みなし小売電気事業 者の契約口数（電圧種別／全国） 
電灯 電力
全国 10,015 665,355 69,373,509 64,242,785 5,130,724 70,048,879みなし小売電気事業者　合計（単位：件）
令和6年1月分合計 供給区域 特別高圧 高圧 低圧計
※１１ みなし小売電気事業者の旧供給区域外における販売実績を含む。  
 
 
【表１３】 旧供給区域におけるみなし小売電気事業者の契約口数（低圧）に占める  
自由料金メニューの割合（全国） 
低圧電灯 低圧電力
規制料金 46,320,165 42, 903,693 3,416,472
自由料金 22,827,828 21, 158,471 1,669,357
合計 69,147,993 64, 062,164 5,085,829
自由/合計 33.0% 33.0% 32.8%
令和6年1月分全国合計
供給種別 低圧計
契約口数
（単位：件）
※１２ 沖縄の低圧電力を除く。 
 
 
（４）スイッチングの状況（低圧）について 
今月分のスイッチングの状況（低圧）の実績については、表１４及び表１５に示して
おり、各表の意義は以下のとおりです。  
表１４：低圧の契約のうち、みなし小売電気事業者から新電力等（域外に供給 
しているみなし小売電気事業者を含む。）への変更など、月間のスイッチ ング件数（エリア別） 
表１５：表１４について、平成２８年４月以降の数値を累積したもの（エリア別） 
 
                       
 
 
8 
 
【表１４】 小売電気事業者の月間スイッチング実績（エリア別） 
          （単位：件） 
変更内容みなし小売電気事
業者から新電力等
への変更新電力等から
みなし小売電気事
業
者への変更新電力等から
新電力等への変更月間スイッチング
件数合計みなし小売電気事
業者の規制料金から自由料金への変
更
北海道 4,106 1,945 1,366 7,417 1,474
東北 4,672 1,125 2,485 8,282 7,720
東京 15,954 8,573 19,102 43,629 4,205
中部 8,937 3,258 7,785 19,980 12,326
北陸 929 141 209 1,279 1,686
関西 5,538 15,996 13,115 34,649 2,239
中国 3,631 992 2,357 6,980 1,826
四国 1,065 508 675 2,248 1,165
九州 3,745 1,908 3,568 9,221 917
沖縄 577 454 111 1,142 3,158
合計 49,154 34,900 50,773 134,827 36,716
令和6年1月分 
 
 
【表１５】 小売電気事業者の累積スイッチング実績（エリア別／平成２８年４月以降） 
（単位：件） 
変更内容みなし小売電気事
業者から新電力等
への変更新電力等から
みなし小売電気事
業者への変更新電力等から
新電力等への変更スイッチング
件数合計みなし小売電気事業
者の規制料金から自由料金への変更
北海道 914,199 180,798 195,746 1,290,743 289,243
東北 1,191,325 146,250 292,995 1,630,570 710,154
東京 9,858,198 1,028,712 2,853, 281 13,740,191 2,572,015
中部 2,420,557 314,793 448,505 3,183,855 1,977,201
北陸 142,565 29,670 31,258 203,493 405,355
関西 4,047,444 775,535 953,328 5,776,307 2,020,156
中国 671,554 121,135 139,947 932,636 716,554
四国 409,893 70,259 99,572 579,724 394,576
九州 1,558,326 273,817 286,493 2,118,636 939,956
沖縄 118,517 16,808 7,923 143,248 195,163
合計 21,332,578 2,957,777 5,309 ,048 29,599,403 10,220,373
令和6年1月分 
※１３ 電力広域的運営推進機関から公表されている平成２８年４月以降の累積スイッチング件数との
数値の相違は、①電力広域的運営推進機関の情報には高圧のスイッチング件数が含まれるこ
と、②同機関へのスイッチング申請を行った後、実際にスイッチングが行われるまでに２～３週間程度のタイムラグが存在していること等による。 
 
  
 
  （本発表資料のお問い合わせ先） 
  電力・ガス取引監視等委員会事務局 
取引監視課長  下津 
担当者：安原、野崎、野村、髙森 電 話： 03-3501-1552（直通）
 
