PDF URL: https://www.emsc.meti.go.jp/info/public/pdf/202201017002a.pdf

                       
 
 
1 
 
 
令和４ 年１０月１５日 
経済産業省  電力・ガス取引監視等委員 会 
 
電力取引 の状況（令和 ４年７月分） 
 
 
  当委員会は、 平成２８年４ 月から電力取引の監視に必要な情報について、電気事
業者及び卸電力取引所より定 期的に情報収集を行って おり、今般、令和４年７月分
の販売電力量等の実績について結果を公表します。  
 
※１ 令和４年１０月３日時点における報告を集計。今後、事業者から修正の申請等があった場合 、 
随時訂正する予定。  
※２ 電力取引報では、集計において事業者の過度の負担を 避けるため、販売電力量と販売額に つい
てN－１月検針日から N月検針日前日までの実績を N月分として計上 することを認め ている。  
したがって 、大宗の企業は検針日までの実績を報告しているため 、実際の N月需要に対する実績
とは一致しない 。 
※３ 新電力とは、みなし小売電気事業者（旧一般電気事業者）以外の小売電気 事業者を指す。  
※４ 自由料金メニュー は、平成２８年３月末時点における旧選択約款に基づく電力供給実績を含む。  
※５ 規制料金 メニューの販売実績については、電力調査統計から数値を記載。  
※６ 販売電力 量の合計・新電力シェア については、その他需要を含めず算出。  
※７ その他需要は、建設工事用電力と事業用電力の合計値であり、事業用電力は自社の設備及 び
営業所のために供給する電力量を 含む。 【主な指標】  
○全体の販売電力量        ７１０億kWh（対前年同月比   １８億kWh増） 
○新電力シェア  
販売電力量ベース    ２０．４％（対前年同月 比  １．８pt減） 
      販売額ベース      ２３．０％（対前年同月比   ０．５pt減） 
      契約口数ベース     ２２．５％（対前 年同月比  ２．８pt増） 
        ※低圧のみ      ２２．５％（対前 年同月比    ２．９pt増） 
 
                       
 
 
2 
 
（１）販売電力量について  
今月分の販売電力量の実績については、表１から表５に示 しており、各表の意義
は以下のとおりです。  
 
表１：全小売電気事業者（新電力及びみなし小売電気事業者 。以下同じ。） の 
販売電力量の合計値（電圧種別／エリア別）  
表２：表１の数値のうち、新電力の数値を抽出し たもの  
（あわせて 、電圧種別の 販売電力量 （全国）に占める 新電力の販売電力量  
の割合も記載。） 
表３：表１の数値のうち、みなし小売電気事業者の数値を抽出したもの  
表４：旧供給区域（みなし小 売電気事業者が、 平成２８年３月以前に電力供給  
していた区域。以下同じ。）において、全 小売電気事業者の販売電力量  
（低圧）に占める自由料金メニューの割合  
表５：表４のうち、みなし小売電気事業者の販売電力量（低圧）に占める自由料金  
   メニューの割合を抽出したもの  
 
 
【表１】  全小売電気事業者 の販売電力量（電圧種別 ／エリア別） 
電灯 電力
北海道 269,410 1,049,552 831,923 732,550 99,374 2,150,886 2,918
東北 1,702,620 2,582,272 1,879,196 1,623,635 255,562 6,164,088 2,673
東京 6,377,194 8,556,544 8,269,994 7,288,891 981,103 23,203,732 5,994
中部 3,554,616 4,087,112 3,137,351 2,690,300 447,050 10,779,079 7,356
北陸 646,804 984,898 643,686 554,897 88,789 2,275,387 1,998
関西 3,722,969 3,970,037 4,101,785 3,614,033 487,752 11,794,791 44,412
中国 1,621,535 1,593,521 1,499,355 1,326,091 173,264 4,714,410 13,119
四国 467,048 963,751 811,325 691,924 119,401 2,242,124 6,747
九州 1,790,061 2,574,633 2,636,633 2,214,870 421,764 7,001,328 16,457
沖縄 129,534 250,507 342,094 298,856 43,238 722,135 567
全国計 20,281,790 26,612,827 24,153,342 21,036,046 3,117,296 71,047,959 102,241
令和4年7月分販売電力量  合計(単位：MWh）
供給
区域特別高圧 高圧 低圧計 合計 その他需要
 
 
                       
 
 
3 
 
【表２】  新電力の 販売電力量 及び割合（電圧種別 ／エリア別）  
電灯 電力
北海道 14,151 180,798 196,642 181,873 14,770 391,592 1,632
東北 46,970 466,932 335,684 299,013 36,672 849,586 1,269
東京 1,117,370 3,028,518 2,992,413 2,759,987 232,426 7,138,301 5,994
中部 68,954 811,093 738,352 661,279 77,072 1,618,399 6,975
北陸 14,907 160,677 51,241 39,574 11,667 226,824 169
関西 237,340 859,244 1,329,333 1,179,003 150,330 2,425,917 38,575
中国 49,348 331,536 207,206 168,117 39,089 588,089 1,810
四国 17,830 143,629 130,208 108,348 21,860 291,667 458
九州 39,630 315,812 496,402 420,677 75,726 851,845 8,169
沖縄 3,845 42,394 45,417 40,111 5,306 91,656 0
全国計 1,610,344 6,340,633 6,522,898 5,857,981 664,917 14,473,875 65,051
新電力/全体 7.9% 23.8% 27.0% 27.9% 21.3% 20.4% 63.6%供給
区域
令和4年7月分新電力  合計(単位：MWh）
その他需要 特別高圧 高圧 低圧計 合計
 
 
 
【表３】  みなし小売電 気事業者の販売電力量（ 電圧種別 ／エリア別） 
電灯 電力
北海道 255,259 868,754 635,281 550,677 84,604 1,759,294 1,286
東北 1,655,650 2,115,340 1,543,512 1,324,622 218,890 5,314,502 1,404
東京 5,259,824 5,528,026 5,277,581 4,528,904 748,677 16,065,431 0
中部 3,485,662 3,276,019 2,398,999 2,029,021 369,978 9,160,680 381
北陸 631,897 824,221 592,445 515,323 77,122 2,048,563 1,829
関西 3,485,629 3,110,793 2,772,452 2,435,030 337,422 9,368,874 5,837
中国 1,572,187 1,261,985 1,292,149 1,157,974 134,175 4,126,321 11,309
四国 449,218 820,122 681,117 583,576 97,541 1,950,457 6,289
九州 1,750,431 2,258,821 2,140,231 1,794,193 346,038 6,149,483 8,288
沖縄 125,689 208,113 296,677 258,745 37,932 630,479 567
全国計 18,671,446 20,272,194 17,630,444 15,178,065 2,452,379 56,574,084 37,190みなし小売電気事業者  合計(単位：MWh）
合計 その他需要
令和4年7月分供給
区域特別高圧 高圧 低圧計
 
※８ みなし小売電気事業者の旧供給区域外における販売実績を含む 。 
 
                       
 
 
4 
 
【表４】  旧供給区域 における販売電力量（低圧） に占める自由料金メニュ ーの割合  
供給区域 北海道 東北
電灯 電力 電灯 電力
373,014 309,021 63,993 876,650 703,862 172,788
458,909 423,529 35,381 1,002,546 919,773 82,774
831,923 732,550 99,374 1,879,196 1,623,635 255,562
55.2% 57.8% 35.6% 53.4% 56.7% 32.4%
東京 中部 北陸
電灯 電力 電灯 電力 電灯 電力
3,050,488 2,594,696 455,792 882,976 764,717 118,259 197,404 160,339 37,065
5,219,506 4,694,195 525,311 2,254,375 1,925,583 328,791 446,282 394,558 51,724
8,269,994 7,288,891 981,103 3,137,351 2,690,300 447,050 643,686 554,897 88,789
63.1% 64.4% 53.5% 71.9% 71.6% 73.6% 69.3% 71.1% 58.3%
関西 中国 四国
電灯 電力 電灯 電力 電灯 電力
1,317,749 1,046,176 271,573 431,755 337,896 93,859 268,232 218,240 49,992
2,784,037 2,567,858 216,179 1,067,600 988,195 79,405 543,093 473,684 69,409
4,101,785 3,614,033 487,752 1,499,355 1,326,091 173,264 811,325 691,924 119,401
67.9% 71.1% 44.3% 71.2% 74.5% 45.8% 66.9% 68.5% 58.1%
九州 沖縄 合計
電灯 電力 電灯 電力 電灯 電力
956,697 694,758 261,939 160,111 160,111 - 8,515,076 6,989,816 1,525,260
1,679,936 1,520,112 159,825 138,745 138,745 - 15,595,028 14,046,230 1,548,798
2,636,633 2,214,870 421,764 298,856 298,856 - 24,110,104 21,036,046 3,074,058
63.7% 68.6% 37.9% 46.4% 46.4% - 64.7% 66.8% 50.4%
令和4年7月分低圧計
低圧計 低圧計 低圧計
低圧計 低圧計 低圧計販売
電力量
(単位:MWh)規制料金
自由料金
合計
自由/合計供給種別 低圧計 低圧計
低圧計 低圧計
 
 
【表５】  旧供給区域における みなし小売電気事業 者の販売電力量 （低圧）に占める
自由料金メニューの割合  
供給区域 北海道電力 東北電力
電灯 電力 電灯 電力
373,014 309,021 63,993 876,650 703,862 172,788
261,726 241,116 20,610 666,241 620,183 46,058
634,740 550,137 84,603 1,542,891 1,324,045 218,846
41.2% 43.8% 24.4% 43.2% 46.8% 21.1%
東京電力 中部電力 北陸電力
電灯 電力 電灯 電力 電灯 電力
3,050,488 2,594,696 455,792 882,976 764,717 118,259 197,404 160,339 37,065
2,178,304 1,903,417 274,887 1,507,696 1,256,582 251,114 394,849 354,821 40,028
5,228,792 4,498,113 730,679 2,390,672 2,021,299 369,373 592,253 515,160 77,093
41.7% 42.3% 37.6% 63.1% 62.2% 68.0% 66.7% 68.9% 51.9%
関西電力 中国電力 四国電力
電灯 電力 電灯 電力 電灯 電力
1,317,749 1,046,176 271,573 431,755 337,896 93,859 268,232 218,240 49,992
1,427,883 1,368,402 59,481 857,232 817,049 40,183 411,180 363,777 47,403
2,745,632 2,414,578 331,054 1,288,987 1,154,945 134,042 679,412 582,017 97,395
52.0% 56.7% 18.0% 66.5% 70.7% 30.0% 60.5% 62.5% 48.7%
九州電力 沖縄電力 合計
電灯 電力 電灯 電力 電灯 電力
956,697 694,758 261,939 160,111 160,111 - 8,515,076 6,989,816 1,525,260
1,182,035 1,098,056 83,979 98,634 98,634 - 8,985,780 8,122,037 863,743
2,138,732 1,792,814 345,918 258,745 258,745 - 17,500,856 15,111,853 2,389,003
55.3% 61.3% 24.3% 38.1% 38.1% - 51.3% 53.8% 36.2%
令和4年7月分低圧計 低圧計 低圧計供給種別 低圧計 低圧計
販売
電力量
(単位:MWh)規制料金
自由料金
合計
自由/合計
低圧計 低圧計 低圧計
低圧計 低圧計 低圧計
 
                       
 
 
5 
 
（２）販売額について 
今月分の販売額の実績に ついては、表６から表９に示 しており、各表の意義は以
下のとおりです。  
 
表６：全小売電気事業者の販売額の合計値（電圧種別／エリア別）  
表７：新電力の販売額の合計値（電圧種別／全国 ） 
（あわせて 、電圧種別の販売額（全国）に占める 新電力の販売額の割合も 
記載。） 
表８：みなし 小売電気事業 者の販売額の合計値（電 圧種別／全国）  
表９：旧供給区域にお いて、みなし小売電気事業者の 販売額（低圧）に占める  
自由料金メニューの割合（全国）  
 
 
【表６】  全小売電気事業者の販売 額（電圧種別／エリア別） 
電灯 電力
北海道 4,946,650 23,023,995 25,622,351 22,377,242 3,245,108 53,592,995
東北 29,134,175 56,424,088 53,951,042 45,924,044 8,026,998 139,509,304
東京 119,110,129 184,466,122 243,366,839 213,255,746 30,111,093 546,943,090
中部 59,674,159 81,550,976 88,186,109 75,116,142 13,069,966 229,411,243
北陸 9,222,820 17,766,188 15,527,545 13,182,008 2,345,537 42,516,553
関西 58,153,326 73,159,901 100,242,183 87,396,564 12,845,619 231,555,411
中国 26,495,714 31,653,322 39,838,006 34,778,541 5,059,465 97,987,041
四国 6,529,395 17,212,501 20,787,088 17,360,033 3,427,055 44,528,984
九州 23,563,283 41,062,445 63,869,148 52,817,874 11,051,274 128,494,876
沖縄 2,491,948 5,389,543 9,664,391 8,469,373 1,195,018 17,545,882
全国計 339,321,598 531,709,080 661,054,702 570,677,567 90,377,135 1,532,085,381販売額　合計（単位：千円）
令和4年7月分供給
区域特別高圧 高圧 低圧計 合計
 
 
【表７】  新電力の 販売額及び割合（電圧種別 ／全国） 
電灯 電力
全国 30,347,166 137,665,998 184,322,650 164,049,793 20,272,857 352,335,815
新電力/全体 8.9% 25.9% 27.9% 28.8% 22.4% 23.0%新電力　合計（単位：千円）
高圧 低圧計
令和4年7月分合計 供給区域 特別高圧
 
 
【表８】  みなし小売電気事業者 の販売額（電圧種別 ／全国） 
電灯 電力
全国 308,974,432 394,043,082 476,732,052 406,627,774 70,104,278 1,179,749,566みなし小売電気事業者　合計（単位：千円）
令和4年7月分供給区域 特別高圧 高圧 低圧計 合計
※９ みなし小売電気事業者の 旧供給区域外における販売実績を含む。  
 
                       
 
 
6 
 
【表９】  旧供給区域における みなし小売電気事 業者の販売額（低圧）に占める自由
料金メニューの割合（全国）  
低圧電灯 低圧電力
規制料金 241,838,623 195,018,074 46,820,549
自由料金 231,523,836 209,862,410 21,661,426
合計 473,362,459 404,880,484 68,481,975
自由/合計 48.9% 51.8% 31.6%
令和4年7月分全国合計
供給種別 低圧計
販売額
（単位：千円）
※１０  沖縄の低圧電力を除く。  
 
 
（３）契約口数について  
今月分の契約口数の実績については、表１０から表１３に示 しており、各表の意義
は以下のとおりです。  
 
表１０：全小売電気事業者の契約口数の合計値（電圧種別／エリア 別） 
表１１：新電力の契約口数 の合計値（電 圧種別／全国） 
    （あわせて 、電圧種別の契約口数 （全国）に占める 新電力の契約口数 の 
割合も記載。） 
表１２：みなし 小売電気事業者の契約口数 の合計値（電圧種別／全国）  
表１３：旧供給区域において、みなし小売電気事業者の 契約口数（低圧）に  
占める自由料金メニューの割合（全国）  
 
 
【表１０】   全小売電気事業者 の契約口数 （電圧種別 ／エリア別）  
電灯 電力
北海道 267 38,693 3,872,579 3,680,631 191,948 3,911,539
東北 1,022 81,593 7,858,538 7,178,478 680,060 7,941,153
東京 4,112 257,745 31,101,707 29,325,198 1,776,509 31,363,564
中部 1,445 118,116 11,028,881 10,162,202 866,679 11,148,442
北陸 226 24,328 2,163,733 1,981,499 182,234 2,188,287
関西 2,187 129,175 14,233,420 13,331,290 902,130 14,364,782
中国 746 54,422 5,404,355 5,034,383 369,972 5,459,523
四国 197 30,337 2,871,352 2,591,193 280,159 2,901,886
九州 877 80,585 9,163,773 8,394,324 769,449 9,245,235
沖縄 104 5,897 881,600 835,675 45,925 887,601
全国計 11,183 820,891 88,579,938 82,514,873 6,065,065 89,412,012
令和4年7月分契約口数　合計（単位：件）
合計供給
区域特別高圧 高圧 低圧計
 
                       
 
 
7 
 
【表１１】   新電力の契約口数 及び割合（電圧種別 ／全国）  
電灯 電力
全国 1,828 219,203 19,894,223 18,955,952 938,271 20,115,254
新電力/全体 16.4% 26.7% 22.5% 23.0% 15.5% 22.5%合計 供給区域 特別高圧 高圧 低圧計
令和4年7月分新電力　合計（単位：件）
 
 
【表１２】   みなし小売電気事業者の 契約口数 （電圧種別 ／全国）  
電灯 電力
全国 9,355 601,688 68,685,715 63,558,921 5,126,794 69,296,758みなし小売電気事業者　合計（単位：件）
令和4年7月分合計 供給区域 特別高圧 高圧 低圧計
※１１ みなし小売電気事業者の 旧供給区域外における販売実績 を含む。 
 
【表１３】 旧供給区域におけるみなし小売電気事 業者の契約口数 （低圧）に占める  
自由料金メニューの割合（全国）  
低圧電灯 低圧電力
規制料金 46,455,362 42,879,911 3,575,451
自由料金 21,938,160 20,438,800 1,499,360
合計 68,393,522 63,318,711 5,074,811
自由/合計 32.1% 32.3% 29.6%
令和4年7月分全国合計
供給種別 低圧計
契約口数
（単位：件）
 
※１２ 沖縄の低圧電力を除く。  
 
 
（４）スイッチング の状況（低圧）について 
今月分のスイッチングの状況（低圧）の実績については、表１４及び表１５に 示して
おり、各表の意義は以下 のとおりで す。 
 
表１４：低圧の 契約のうち、みなし小売電気事業者から新電力等（域外に供給  
しているみなし小売電気事業者を含む。）への変更など、月間のスイッチ  
ング件数（エリア別）  
表１５：表 １４について、平成２８年４月以降の数値を累積したもの（エリア別）  
 
                       
 
 
8 
 
【表１４】 小売電気事業者の月間スイッチン グ実績（エリア別） 
          （単位：件） 
変更内容みなし小売電気事業
者から新電力等
への変更新電力等から
みなし小売電気事業
者への変更新電力等から
新電力等への変更月間スイッチング
件数合計みなし小売電気事業者
の規制料金から自由
料金への変更
北海道 6,930 5,226 2,729 14,885 4,618
東北 12,882 2,481 5,055 20,418 3,441
東京 66,462 18,244 48,373 133,079 14,805
中部 25,456 6,538 8,981 40,975 4,072
北陸 1,814 716 1,246 3,776 1,329
関西 28,243 12,864 20,730 61,837 8,818
中国 10,864 4,015 3,036 17,915 1,598
四国 5,102 1,194 1,947 8,243 2,439
九州 20,228 24,775 9,278 54,281 1,823
沖縄 2,065 496 184 2,745 3,157
合計 180,046 76,549 101,559 358,154 46,100
令和4年7月分
 
 
【表１５】 小売電気事業者の 累積スイッチング実績 （エリア別／平成２８年４月以降） 
（単位：件）  
変更内容みなし小売電気事業
者から新電力等
への変更新電力等から
みなし小売電気事業
者への変更新電力等から
新電力等への変更スイッチング
件数合計みなし小売電気事業者
の規制料金から自由
料金への変更
北海道 859,219 105,853 108,942 1,074,014 258,930
東北 1,111,335 64,368 197,349 1,373,052 677,609
東京 9,426,782 575,486 2,122,516 12,124,784 2,482,230
中部 2,227,254 174,491 334,970 2,736,715 1,912,602
北陸 122,257 17,420 22,597 162,274 387,026
関西 3,890,948 400,773 703,633 4,995,354 1,973,076
中国 599,029 67,999 92,234 759,262 685,001
四国 379,790 36,969 66,621 483,380 368,584
九州 1,444,712 165,171 208,289 1,818,172 921,654
沖縄 96,511 7,419 3,291 107,221 161,129
合計 20,157,837 1,615,949 3,860,442 25,634,228 9,827,841
令和4年7月分
 
※１３ 電力広域的 運営推進機関から公表されている平成 ２８年４月以降の累積スイッチング件数との
数値の相違は、①電力広域的運営推進機関の情報には高圧のスイッチング件数が含まれるこ
と、②同機関へのスイッチング申請を行った後、実際にスイッチングが行われるまでに ２～３週間
程度のタイムラグが存在 していること等による。  
 
 
 
 
  （本発表資 料のお問い合わ せ先）  
   電力・ガス取引監視等 委員会事 務局 
取引監視課長   池田 
担当者：安原、嶋田、守田、髙森 
電 話： 03-3501-1552（直通）  
