PDF URL: https://www.emsc.meti.go.jp/info/public/pdf/20220915001a.pdf

                       
 
 
1 
 
 
令和４年９月１５日 
経済産業省 電力・ガス取引監視等委員会 
 
電力取引の状況（令和４年６月分） 
 
 
  当委員会は、平成２８年４月から電力取引の監視に必要な情報について、電気事
業者及び卸電力取引所より定期的に情報収集を行っており、今般、令和４年６月分
の販売電力量等の実績について結果を公表します。 
 
※１ 令和４年８月３０日時点における報告を集計。今後、事業者から修正の申請等があった場合、 
随時訂正する予定。 
※２ 電力取引報では、集計において事業者の過度の負担を避けるため、販売電力量と販売額につい
てN－１月検針日からN月検針日前日までの実績をN月分として計上することを認めている。 
したがって、大宗の企業は検針日までの実績を報告しているため、実際のN月需要に対する実
績とは一致しない。 
※３ 新電力とは、みなし小売電気事業者（旧一般電気事業者）以外の小売電気事業者を指す。 
※４ 自由料金メニューは、平成２８年３月末時点における旧選択約款に基づく電力供給実績を含む。 
※５ 規制料金メニューの販売実績については、電力調査統計から数値を記載。 
※６ 販売電力量の合計・新電力シェアについては、その他需要を含めず算出。 
※７ その他需要は、建設工事用電力と事業用電力の合計値であり、事業用電力は自社の設備及び
営業所のために供給する電力量を含む。 【主な指標】 
○全体の販売電力量       ６１４億kWh（対前年同月比  ５億kWh減） 
○新電力シェア 
販売電力量ベース   １９．９％（対前年同月比  １．４pt減） 
      販売額ベース     ２２．２％（対前年同月比  ０．６pt減） 
      契約口数ベース    ２２．４％（対前年同月比  ３．０pt増） 
        ※低圧のみ      ２２．４％（対前年同月比   ３．１pt増） 
 
                       
 
 
2 
 
（１）販売電力量について 
今月分の販売電力量の実績については、表１から表５に示しており、各表の意義
は以下のとおりです。 
 
表１：全小売電気事業者（新電力及びみなし小売電気事業者。以下同じ。）の 
販売電力量の合計値（電圧種別／エリア別） 
表２：表１の数値のうち、新電力の数値を抽出したもの 
（あわせて、電圧種別の販売電力量（全国）に占める新電力の販売電力量 
の割合も記載。） 
表３：表１の数値のうち、みなし小売電気事業者の数値を抽出したもの 
表４：旧供給区域（みなし小売電気事業者が、平成２８年３月以前に電力供給 
していた区域。以下同じ。）において、全小売電気事業者の販売電力量 
（低圧）に占める自由料金メニューの割合 
表５：表４のうち、みなし小売電気事業者の販売電力量（低圧）に占める自由料金 
   メニューの割合を抽出したもの 
 
 
【表１】 全小売電気事業者の販売電力量（電圧種別／エリア別） 
電灯 電力
北海道 255,226919,335755,560669,30986,2501,930,120 2,365
東北 1,660,3872,349,8311,645,6611,430,106215,5555,655,879 2,252
東京 5,902,3257,430,8096,561,8645,842,557719,30619,894,998 2,397
中部 3,469,9693,702,4512,281,9771,977,924304,0539,454,397 6,195
北陸 626,515903,637555,740486,00169,7402,085,893 1,756
関西 3,450,1143,470,8522,845,7252,538,149307,5769,766,69137,233
中国 1,543,3161,409,9841,163,1351,041,556121,5804,116,43511,623
四国 475,348841,571615,549527,52588,0241,932,468 5,806
九州 1,693,2052,255,7962,006,4001,709,756296,6435,955,40114,753
沖縄 116,493213,620254,965225,27929,686585,077 471
全国計19,192,89723,497,88618,686,57516,448,1622,238,41261,377,35884,852その他需要
令和4年6月分販売電力量  合計(単位：MWh）
供給
区域特別高圧 高圧 低圧計 合計
 
 
                       
 
 
3 
 
【表２】 新電力の販売電力量及び割合（電圧種別／エリア別） 
電灯 電力
北海道 15,744188,420172,053160,33211,720376,216 1,351
東北 67,969452,501273,626248,42625,200794,096 1,089
東京 1,057,6172,657,2092,279,8032,126,993152,8095,994,629 2,397
中部 66,820772,970520,052472,73147,3211,359,842 5,849
北陸 18,094170,83140,20832,848 7,361229,134 136
関西 261,137793,374874,469786,45088,0191,928,98031,860
中国 58,231312,532148,963124,03224,932519,726 1,518
四国 15,809136,56591,54478,10313,441243,918 428
九州 35,347289,140359,128309,38449,743683,615 7,609
沖縄 2,61236,79833,35130,087 3,26472,760 0
全国計1,599,3795,810,3404,793,1964,369,386423,80912,202,91552,238
新電力/全体 8.3% 24.7% 25.7% 26.6% 18.9% 19.9% 61.6%特別高圧 高圧 低圧計 合計
令和4年6月分新電力  合計(単位：MWh）
その他需要供給
区域
 
 
【表３】 みなし小売電気事業者の販売電力量（電圧種別／エリア別） 
電灯 電力
北海道 239,482730,915583,507508,97774,5301,553,904 1,014
東北 1,592,4181,897,3301,372,0351,181,680190,3554,861,783 1,163
東京 4,844,7084,773,6004,282,0613,715,564566,49713,900,369 0
中部 3,403,1492,929,4811,761,9251,505,193256,7328,094,555 346
北陸 608,421732,806515,532453,15362,3791,856,759 1,620
関西 3,188,9772,677,4781,971,2561,751,699219,5577,837,711 5,373
中国 1,485,0851,097,4521,014,172917,52496,6483,596,70910,105
四国 459,539705,006524,005449,42274,5831,688,550 5,378
九州 1,657,8581,966,6561,647,2721,400,372246,9005,271,786 7,144
沖縄 113,881176,822221,614195,19226,422512,317 471
全国計17,593,51817,687,54613,893,37912,078,7761,814,60349,174,44332,614供給
区域特別高圧 高圧 低圧計
令和4年6月分みなし小売電気事業者  合計(単位：MWh）
合計 その他需要
※８ みなし小売電気事業者の旧供給区域外における販売実績を含む。 
 
                       
 
 
4 
 
【表４】 旧供給区域における販売電力量（低圧）に占める自由料金メニューの割合 
 
 
【表５】 旧供給区域におけるみなし小売電気事業者の販売電力量（低圧）に占める
自由料金メニューの割合 
 供給区域 北海道 東北
電灯 電力 電灯 電力
333,564280,29753,267749,292606,568142,724
421,996389,01232,983896,369823,53872,831
755,560669,30986,2501,645,6611,430,106215,555
55.9%58.1%38.2%54.5%57.6%33.8%
東京 中部 北陸
電灯 電力 電灯 電力 電灯 電力
2,390,5992,058,263332,336635,961558,92077,041162,099132,39729,702
4,171,2653,784,294386,9701,646,0161,419,004227,012393,641353,60440,038
6,561,8645,842,557719,3062,281,9771,977,924304,053555,740486,00169,740
63.6%64.8%53.8%72.1%71.7%74.7%70.8%72.8%57.4%
関西 中国 四国
電灯 電力 電灯 電力 電灯 電力
897,480732,008165,472322,238259,68362,555196,148161,82134,327
1,948,2451,806,140142,104840,897781,87359,025419,401365,70453,697
2,845,7252,538,149307,5761,163,1351,041,556121,580615,549527,52588,024
68.5%71.2%46.2%72.3%75.1%48.5%68.1%69.3%61.0%
九州 沖縄 合計
電灯 電力 電灯 電力 電灯 電力
694,428520,650173,778118,598118,598-6,500,4075,429,2051,071,202
1,311,9721,189,106122,865106,681106,681-12,156,48211,018,9571,137,525
2,006,4001,709,756296,643225,279225,279-18,656,88916,448,1622,208,726
65.4%69.5%41.4%47.4%47.4%- 65.2%67.0%51.5%
令和４年６月分供給種別 低圧計 低圧計
低圧計
低圧計 低圧計
低圧計 低圧計 低圧計販売
電力量
(単位:MWh)規制料金
自由料金
合計
自由/合計
低圧計 低圧計
低圧計
北海道電力 東北電力
電灯 電力 電灯 電力
333,564280,29753,267749,292606,568142,724
249,457228,19521,262622,237574,63747,600
583,021508,49274,5291,371,5291,181,205190,324
42.8%44.9%28.5%45.4%48.6%25.0%
東京電力 中部電力 北陸電力
電灯 電力 電灯 電力 電灯 電力
2,390,5992,058,263332,336635,961558,92077,041162,099132,39729,702
1,852,1111,631,913220,1981,120,053940,733179,320353,281320,62532,656
4,242,7103,690,176552,5341,756,0141,499,653256,361515,380453,02262,358
43.7%44.2%39.9%63.8%62.7%69.9%68.5%70.8%52.4%
関西電力 中国電力 四国電力
電灯 電力 電灯 電力 電灯 電力
897,480732,008165,472322,238259,68362,555196,148161,82134,327
1,054,3621,004,85149,511689,368655,35134,017326,486286,34040,146
1,951,8421,736,859214,9831,011,606915,03496,572522,634448,16174,473
54.0%57.9%23.0%68.1%71.6%35.2%62.5%63.9%53.9%
九州電力 沖縄電力 合計
電灯 電力 電灯 電力 電灯 電力
694,428520,650173,778118,598118,598-6,500,4075,429,2051,071,202
951,793878,75773,03676,59476,594-7,295,7426,597,996697,746
1,646,2211,399,407246,814195,192195,192-13,796,14912,027,2011,768,948
57.8%62.8%29.6%39.2%39.2%- 52.9%54.9%39.4%
令和４年６月分供給種別 低圧計 低圧計
販売
電力量
(単位:MWh)規制料金
自由料金
合計
自由/合計
低圧計 低圧計 低圧計低圧計 低圧計 低圧計
低圧計 低圧計 低圧計
                       
 
 
5 
 
（２）販売額について 
今月分の販売額の実績については、表６から表９に示しており、各表の意義は以
下のとおりです。 
 
表６：全小売電気事業者の販売額の合計値（電圧種別／エリア別） 
表７：新電力の販売額の合計値（電圧種別／全国） 
（あわせて、電圧種別の販売額（全国）に占める新電力の販売額の割合も 
記載。） 
表８：みなし小売電気事業者の販売額の合計値（電圧種別／全国） 
表９：旧供給区域において、みなし小売電気事業者の販売額（低圧）に占める 
自由料金メニューの割合（全国） 
 
 
【表６】 全小売電気事業者の販売額（電圧種別／エリア別） 
電灯 電力
北海道 4,432,76919,432,98222,335,75119,439,6972,896,05446,201,502
東北 25,925,00147,376,78846,893,91239,779,6727,114,240120,195,701
東京 101,467,878150,149,647187,562,418164,088,75923,473,659439,179,943
中部 55,032,66669,745,89564,279,64254,128,86710,150,775189,058,203
北陸 8,055,50114,965,66513,012,47110,990,4472,022,02436,033,637
関西 49,733,59561,445,41768,270,29258,527,3939,742,899179,449,303
中国 22,977,57826,119,60729,667,64925,618,1424,049,50778,764,834
四国 6,448,86214,631,72715,592,70112,732,7522,859,94936,673,290
九州 20,531,75735,145,04348,907,57540,232,5738,675,002104,584,375
沖縄 2,201,2574,656,6067,115,6966,175,985 939,71113,973,559
全国計 296,806,863443,669,377503,638,107431,714,28871,923,8191,244,114,347供給
区域特別高圧 高圧 低圧計 合計販売額　合計（単位：千円）
令和4年6月分 
 
【表７】 新電力の販売額及び割合（電圧種別／全国） 
電灯 電力
全国 27,500,931114,927,794133,977,239119,211,03514,766,204276,405,964
新電力/全体 9.3% 25.9% 26.6% 27.6% 20.5% 22.2%
令和4年6月分合計 供給区域 特別高圧新電力　合計（単位：千円）
高圧 低圧計
 
 
【表８】 みなし小売電気事業者の販売額（電圧種別／全国） 
電灯 電力
全国 269,305,932328,741,583369,660,868312,503,25357,157,615967,708,383合計
令和4年6月分供給区域 特別高圧 高圧 低圧計みなし小売電気事業者　合計（単位：千円）
※９ みなし小売電気事業者の旧供給区域外における販売実績を含む。 
 
                       
 
 
6 
 
【表９】 旧供給区域におけるみなし小売電気事業者の販売額（低圧）に占める自由
料金メニューの割合（全国） 
低圧電灯 低圧電力
規制料金 186,709,301 148,780,351 37,928,950
自由料金 180,354,471 162,394,259 17,960,212
合計 367,063,772 311,174,610 55,889,162
自由/合計 49.1% 52.2% 32.1%
令和4年6月分全国合計
供給種別 低圧計
販売額
（単位：千円）
※１０ 沖縄の低圧電力を除く。 
 
 
（３）契約口数について 
今月分の契約口数の実績については、表１０から表１３に示しており、各表の意義
は以下のとおりです。 
 
表１０：全小売電気事業者の契約口数の合計値（電圧種別／エリア別） 
表１１：新電力の契約口数の合計値（電圧種別／全国） 
    （あわせて、電圧種別の契約口数（全国）に占める新電力の契約口数の 
割合も記載。） 
表１２：みなし小売電気事業者の契約口数の合計値（電圧種別／全国） 
表１３：旧供給区域において、みなし小売電気事業者の契約口数（低圧）に 
占める自由料金メニューの割合（全国） 
 
 
【表１０】  全小売電気事業者の契約口数（電圧種別／エリア別） 
電灯 電力
北海道 264 38,7713,885,7093,679,080 206,6293,924,744
東北 1,025 83,9887,861,3467,180,414 680,9327,946,359
東京 4,137 260,02331,112,94129,335,5881,777,35331,377,101
中部 1,454 120,87311,026,21910,158,281 867,93811,148,546
北陸 228 25,1482,164,8351,982,326 182,5092,190,211
関西 2,197 130,57114,218,78213,316,623 902,15914,351,550
中国 751 55,4755,406,2715,036,243 370,0285,462,497
四国 196 31,2262,871,3782,590,995 280,3832,902,800
九州 880 81,6089,155,5738,392,177 763,3969,238,061
沖縄 104 5,896 880,914 835,103 45,811 886,914
全国計 11,236 833,57988,583,96882,506,8306,077,13889,428,783合計供給
区域特別高圧 高圧 低圧計
令和4年6月分契約口数　合計（単位：件）
 
                       
 
 
7 
 
【表１１】  新電力の契約口数及び割合（電圧種別／全国） 
電灯 電力
全国 1,886 233,01819,821,28118,879,595 941,68620,056,185
新電力/全体 16.8% 28.0% 22.4% 22.9% 15.5% 22.4%
令和4年6月分新電力　合計（単位：件）
合計 供給区域 特別高圧 高圧 低圧計
 
 
【表１２】  みなし小売電気事業者の契約口数（電圧種別／全国） 
電灯 電力
全国 9,350 600,56168,762,68763,627,2355,135,45269,372,598低圧計 供給区域 特別高圧 高圧みなし小売電気事業者　合計（単位：件）
令和4年6月分合計
※１１ みなし小売電気事業者の旧供給区域外における販売実績を含む。 
 
【表１３】 旧供給区域におけるみなし小売電気事業者の契約口数（低圧）に占める  
自由料金メニューの割合（全国） 
 
※１２ 沖縄の低圧電力を除く。 
 
 
（４）スイッチングの状況（低圧）について 
今月分のスイッチングの状況（低圧）の実績については、表１４及び表１５に示して
おり、各表の意義は以下のとおりです。 
 
表１４：低圧の契約のうち、みなし小売電気事業者から新電力等（域外に供給 
しているみなし小売電気事業者を含む。）への変更など、月間のスイッチ 
ング件数（エリア別） 
表１５：表１４について、平成２８年４月以降の数値を累積したもの（エリア別） 
 低圧電灯 低圧電力
規制料金 46,622,324 43,055,385 3,566,939
自由料金 21,852,063 20,335,579 1,516,484
合計 68,474,387 63,390,964 5,083,423
自由/合計 31.9% 32.1% 29.8%
令和４年６月分全国合計
供給種別 低圧計
契約口数
（単位：件）
                       
 
 
8 
 
【表１４】 小売電気事業者の月間スイッチング実績（エリア別） 
          （単位：件） 
変更内容みなし小売電気事業
者から新電力等
への変更新電力等から
みなし小売電気事業
者への変更新電力等から
新電力等への変更月間スイッチング
件数合計みなし小売電気事業者
の規制料金から自由
料金への変更
北海道 7,013 4,200 2,250 13,463 4,084
東北 17,579 4,575 17,732 39,886 3,242
東京 86,715 25,471 75,730 187,916 15,591
中部 29,155 6,624 9,294 45,073 4,186
北陸 2,151 676 792 3,619 2,250
関西 32,987 20,077 24,238 77,302 7,707
中国 11,365 5,770 6,140 23,275 2,069
四国 5,391 3,577 1,724 10,692 2,148
九州 24,897 11,356 11,259 47,512 4,365
沖縄 2,246 646 214 3,106 3,337
合計 219,499 82,972 149,373 451,844 48,979
令和4年6月分 
 
【表１５】 小売電気事業者の累積スイッチング実績（エリア別／平成２８年４月以降） 
（単位：件） 
変更内容みなし小売電気事業
者から新電力等
への変更新電力等から
みなし小売電気事業
者への変更新電力等から
新電力等への変更スイッチング
件数合計みなし小売電気事業者
の規制料金から自由
料金への変更
北海道 852,289 100,627 106,2131,059,129 254,312
東北 1,098,453 61,887 192,2941,352,634 674,168
東京 9,360,320 557,2422,074,14311,991,7052,467,425
中部 2,201,798 167,953 325,9892,695,7401,908,530
北陸 120,443 16,704 21,351 158,498 385,697
関西 3,862,705 387,909 682,9034,933,5171,964,258
中国 588,165 63,984 89,198 741,347 683,403
四国 374,688 35,775 64,674 475,137 366,145
九州 1,424,484 140,396 199,0111,763,891 919,831
沖縄 94,446 6,923 3,107 104,476 157,972
合計 19,977,7911,539,4003,758,88325,276,0749,781,741
令和4年6月分 
※１３ 電力広域的運営推進機関から公表されている平成２８年４月以降の累積スイッチング件数との
数値の相違は、①電力広域的運営推進機関の情報には高圧のスイッチング件数が含まれるこ
と、②同機関へのスイッチング申請を行った後、実際にスイッチングが行われるまでに２～３週間
程度のタイムラグが存在していること等による。 
 
 
 
 
  （本発表資料のお問い合わせ先） 
   電力・ガス取引監視等委員会事務局 
取引監視課長  池田 
担当者：安原、嶋田、守田、髙森 
電 話： 03-3501-1552（直通） 
