PDF URL: https://www.emsc.meti.go.jp/info/public/pdf/20230509001a.pdf

                       
 
 
1 
 
 
令和５年５月９日  
経済産業省 電力・ガス取引監視等委員会  
 
電力取引の状況（令和５年１月分） 
 
 
  当委員会は、平成２８年４月から電力取引の監視に必要な情報について、電気事
業者及び卸電力取引所より定期的に情報収集を行っており、今般、令和５年１月分の販売電力量等の実績について結果を公表します。 
 
※１ 令和５年４月７日時点における報告を集計。今後、事業者から修正の申請等があった場合、 
随時訂正する予定。 
※２ 電力取引報では、集計において事業者の過度の負担を避けるため、販売電力量と販売額につい
て N－１月検針日からN 月検針日前日までの実績をN月分として計上することを認めている。 
したがって、大宗の企業は検針日までの実績を報告しているため、実際のN月需要に対する実績とは一致しない。 
※３ 新電力とは、みなし小売電気事業者（旧一般電気事業者）以外の小売電気事業者を指す。 
※４ 自由料金メニューは、平成２８年３月末時点における旧選択約款に基づく電力供給実績を含む。 
※５ 規制料金メニューの販売実績については、電力調査統計から数値を記載。 ※６ 販売電力量の合計・新電力シェアについては、その他需要を含めず算出。 
※７ その他需要は、建設工事用電力と事業用電力の合計値であり、事業用電力は自社の設備及び
営業所のために供給する電力量を含む。 【主な指標】 
○全体の販売電力量       ７ ６ ６ 億k W h（対前年同月比  ５５億 kWh 減） 
○新電力シェア 
販売電力量ベース   １８．８％（対前年同月比  ２．９pt 減） 
      販売額ベース     ２１．６％（対前年同月比  ２．０pt 減）       契約口数ベース    ２２．５％（対前年同月比  １．５pt 増） 
        
※低圧のみ      ２２．５％（対前年同月比   １．６pt 増 ） 
 
                       
 
 
2 
 
（１）販売電力量について 
今月分の販売電力量の実績については、表１から表５に示しており、各表の意義
は以下のとおりです。 
 
表１：全小売電気事業者（新電力及びみなし小売電気事業者。以下同じ。）の 
販売電力量の合計値（電圧種別／エリア別） 
表２：表１の数値のうち、新電力の数値を抽出したもの 
（あわせて、電圧種別の販売電力量（全国）に占める新電力の販売電力量 
の割合も記載。） 
表３：表１の数値のうち、みなし小売電気事業者の数値を抽出したもの 表４：旧供給区域（みなし小売電気事業者が、平成２８年３月以前に電力供給 
していた区域。以下同じ。）において、全小売電気事業者の販売電力量 
（低圧）に占める自由料金メニューの割合 
表５：表４のうち、みなし小売電気事業者の販売電力量（低圧）に占める自由料金 
   メ ニ ュ ー の割合を抽出したもの 
 
 
【表１】  全小売電気事業者の販売電力量（電圧種別／エリア別） 
電灯 電力
北海道 243,848 1,173,900 1,624,900 1,256,018 368,882 3,042,649 5,913
東北 1,599,260 2,688,568 3,348,016 2,958,333 389,683 7,635,843 3,638
東京 5,142,506 7,270,629 11,078,684 10,200,139 878,545 23,491,819 10,647
中部 2,972,796 3,572,787 4,679,496 4,183,705 495,791 11,225,078 5,352
北陸 572,414 907,116 1,177,307 1,065,722 111,585 2,656,837 2,517
関西 3,107,708 3,543,054 5,881,910 5,411,502 470,408 12,532,672 33,253
中国 1,444,397 1,425,725 2,338,351 2,161,085 177,266 5,208,473 11,797
四国 427,557 824,791 1,225,822 1,094,814 131,008 2,478,170 8,995
九州 1,486,870 2,295,342 4,025,108 3,588,736 436,372 7,807,320 11,436
沖縄 97,079 182,015 263,946 240,986 22,960 543,040 402
全国計 17,094,435 23,883,927 35,643,541 32,161,040 3,482,500 76,621,902 93,9 50
令和5年1月分販売電力量  合計(単位：MWh）
供給
区域特別高圧 高圧 低圧計 合計 その他需要
 
 
                       
 
 
3 
 
【表２】  新電力の販売電力量及び割合（電圧種別／エリア別） 
電灯 電力
北海道 8,571 132,539 284,736 266,255 18,481 425,847 2,426
東北 39,968 409,595 507,010 462,615 44,395 956,572 1,989
東京 818,813 2,283,195 3,877,333 3,668,417 208,916 6,979,341 10,647
中部 47,396 596,779 979,829 903,273 76,556 1,624,003 4,843
北陸 13,021 128,214 68,518 57,491 11,027 209,753 167
関西 152,527 564,545 1,733,260 1,607,981 125,279 2,450,332 27,591
中国 38,501 243,464 269,397 234,233 35,164 551,362 3,461
四国 12,752 96,960 155,995 138,524 17,471 265,707 81
九州 25,756 230,063 629,928 564,845 65,083 885,747 4,899
沖縄 2,973 25,296 31,844 29,639 2,205 60,113 0
全国計 1,160,278 4,710,650 8,537,851 7,933,273 604,577 14,408,778 56,104
新電力/全体 6.8% 19.7% 24.0% 24.7% 17.4% 18.8% 59.7%供給
区域
令和5年1月分新電力  合計(単位：MWh）
その他需要 特別高圧 高圧 低圧計 合計
 
 
【表３】  みなし小売電気事業者の販売電力量（電圧種別／エリア別） 
電灯 電力
北海道 235,277 1,041,361 1,340,164 989,763 350,401 2,616,802 3,487
東北 1,559,292 2,278,973 2,841,006 2,495,718 345,288 6,679,271 1,649
東京 4,323,693 4,987,434 7,201,351 6,531,722 669,629 16,512,478 0
中部 2,925,400 2,976,008 3,699,667 3,280,432 419,235 9,601,075 509
北陸 559,393 778,902 1,108,789 1,008,231 100,558 2,447,084 2,350
関西 2,955,181 2,978,509 4,148,650 3,803,521 345,129 10,082,340 5,662
中国 1,405,896 1,182,261 2,068,954 1,926,852 142,102 4,657,111 8,336
四国 414,805 727,831 1,069,827 956,290 113,537 2,212,463 8,914
九州 1,461,114 2,065,279 3,395,180 3,023,891 371,289 6,921,573 6,537
沖縄 94,106 156,719 232,102 211,347 20,755 482,927 402
全国計 15,934,157 19,173,277 27,105,690 24,227,767 2,877,923 62,213,124 37,8 46みなし小売電気事業者  合計(単位：MWh）
合計 その他需要
令和5年1月分供給
区域特別高圧 高圧 低圧計
※８ みなし小売電気事業者の旧供給区域外における販売実績を含む。 
 
                       
 
 
4 
 
【表４】  旧供給区域における販売電力量（低圧）に占め る自由料金メニューの割合 
供給区域 北海道 東北
電灯 電力 電灯 電力
544,087 477,060 67,027 1,341,941 1,138,498 203,443
1,080,813 778,958 301,855 2,006,075 1,819,835 186,240
1,624,900 1,256,018 368,882 3,348,016 2,958,333 389,683
66.5% 62.0% 81.8% 59.9% 61.5% 47.8%
東京 中部 北陸
電灯 電力 電灯 電力 電灯 電力
3,858,996 3,469,611 389,385 1,272,204 1,142,916 129,288 297,537 255,83 5 41,702
7,219,688 6,730,528 489,160 3,407,292 3,040,789 366,503 879,770 809,88 7 69,883
11,078,684 10,200,139 878,545 4,679,496 4,183,705 495,791 1,177,307 1, 065,722 111,585
65.2% 66.0% 55.7% 72.8% 72.7% 73.9% 74.7% 76.0% 62.6%
関西 中国 四国
電灯 電力 電灯 電力 電灯 電力
1,733,682 1,471,668 262,013 564,498 472,919 91,579 357,604 308,005 49,5 99
4,148,229 3,939,834 208,395 1,773,853 1,688,166 85,687 868,218 786,809 81,409
5,881,910 5,411,502 470,408 2,338,351 2,161,085 177,266 1,225,822 1,09 4,814 131,008
70.5% 72.8% 44.3% 75.9% 78.1% 48.3% 70.8% 71.9% 62.1%
九州 沖縄 合計
電灯 電力 電灯 電力 電灯 電力
1,270,648 1,011,537 259,111 128,900 128,900 - 11,370,097 9,876,949 1,49 3,147
2,754,460 2,577,199 177,261 112,086 112,086 - 24,250,484 22,284,091 1,9 66,393
4,025,108 3,588,736 436,372 240,986 240,986 - 35,620,581 32,161,040 3,4 59,540
68.4% 71.8% 40.6% 46.5% 46.5% - 68.1% 69.3% 56.8%
令和5年1月分低圧計
低圧計 低圧計 低圧計
低圧計 低圧計規制料金
自由料金
合計
自由/合計供給種別 低圧計 低圧計
低圧計 低圧計
低圧計販売
電力量
(単位:MWh)
 
 
【表５】  旧供給区域におけるみなし小売 電気事業者の販売電力量（低圧）に占める
自由料金メニューの割合 
供給区域 北海道電力 東北電力
電灯 電力 電灯 電力
544,087 477,060 67,027 1,341,941 1,138,498 203,443795,339 511,971 283,368 1,498,018 1,356,229 141,789
1,339,426 989,031 350,395 2,839,959 2,494,727 345,232
59.4% 51.8% 80.9% 52.8% 54.4% 41.1%
東京電力 中部電力 北陸電力
電灯 電力 電灯 電力 電灯 電力
3,858,996 3,469,611 389,385 1,272,204 1,142,916 129,288 297,537 255,83 5 41,702
3,287,707 3,021,758 265,949 2,415,537 2,126,332 289,205 810,981 752,15 3 58,828
7,146,703 6,491,369 655,334 3,687,741 3,269,248 418,493 1,108,518 1,00 7,988 100,530
46.0% 46.6% 40.6% 65.5% 65.0% 69.1% 73.2% 74.6% 58.5%
関西電力 中国電力 四国電力
電灯 電力 電灯 電力 電灯 電力
1,733,682 1,471,668 262,013 564,498 472,919 91,579 357,604 308,005 49,5 99
2,383,858 2,306,134 77,725 1,499,766 1,449,365 50,401 709,924 646,114 6 3,810
4,117,540 3,777,802 339,738 2,064,264 1,922,284 141,980 1,067,528 954, 119 113,409
57.9% 61.0% 22.9% 72.7% 75.4% 35.5% 66.5% 67.7% 56.3%
九州電力 沖縄電力 合計
電灯 電力 電灯 電力 電灯 電力
1,270,648 1,011,537 259,111 128,900 128,900 - 11,370,097 9,876,949 1,49 3,147
2,122,594 2,010,517 112,077 82,447 82,447 - 15,606,171 14,263,020 1,343 ,152
3,393,242 3,022,054 371,188 211,347 211,347 - 26,976,268 24,139,969 2,8 36,299
62.6% 66.5% 30.2% 39.0% 39.0% - 57.9% 59.1% 47.4%
令和5年1月分低圧計 低圧計 低圧計低圧計 低圧計 低圧計供給種別 低圧計 低圧計
販売
電力量
(単位:MWh)規制料金自由料金
合計
自由/合計
低圧計 低圧計 低圧計
 
                       
 
 
5 
 
（２）販売額について 
今月分の販売額の実績については、表６から表９に示しており、各表の意義は以
下のとおりです。  
表６：全小売電気事業者の販売額の合計値（電圧種別／エリア別） 表７：新電力の販売額の合計値（電圧種別／全国） 
（あわせて、電圧種別の販売額（全国）に占める新電力の販売額の割合も 記載。） 
表８：みなし小売電気事業者の販売額の合計値（電圧種別／全国） 表９：旧供給区域において、みなし小売電気事業者の販売額（低圧）に占める 
自由料金メニューの割合（全国） 
 
【表６】  全小売電気事業者の販売額（電圧種別／エリア別） 
電灯 電力
北海道 6,187,440 32,114,132 50,889,269 40,502,052 10,387,217 89,190,842
東北 38,724,945 80,263,049 106,263,758 93,979,880 12,283,878 225,251,752
東京 137,129,484 218,407,838 379,227,449 347,778,626 31,448,823 734,764,7 70
中部 75,824,834 102,593,120 155,591,863 138,691,282 16,900,581 334,009,81 7
北陸 11,007,482 21,243,151 30,108,096 26,807,666 3,300,431 62,358,729
関西 67,612,093 89,306,462 169,195,499 155,834,171 13,361,328 326,114,054
中国 35,209,211 40,019,174 75,167,181 69,435,591 5,731,590 150,395,566
四国 8,005,630 19,104,973 34,931,473 31,026,756 3,904,717 62,042,076
九州 26,637,981 49,129,958 105,717,236 94,017,731 11,699,505 181,485,174
沖縄 1,891,264 4,281,725 7,954,028 7,115,913 838,116 14,127,017
全国計 408,230,363 656,463,582 1,115,045,852 1,005,189,666 109,856,186 2,17 9,739,796販売額　合計（単位：千円）
令和5年1月分供給
区域特別高圧 高圧 低圧計 合計
 
【表７】  新電力の販売額及び割合（電圧種別／全国） 
電灯 電力
全国 31,413,331 142,479,157 296,705,852 274,851,631 21,854,221 470,598,33 9
新電力/全体 7.7% 21.7% 26.6% 27.3% 19.9% 21.6%新電力　合計（単位：千円）
高圧 低圧計
令和5年1月分合計 供給区域 特別高圧
 
【表８】  みなし小売電気事業者の販売額（電圧種別／全国） 
電灯 電力
全国 376,817,032 513,984,425 818,340,000 730,338,035 88,001,965 1,709,141 ,457みなし小売電気事業者　合計（単位：千円）
令和5年1月分供給区域 特別高圧 高圧 低圧計 合計
※９ みなし小売電気事業者の旧供給区域外における販売実績を含む。, 
  
                       
 
 
6 
 
【表９】  旧供給区域におけるみなし小売 電気事業者の販売額（低圧）に占める自由
料金メニューの割合（全国） 
低圧電灯 低圧電力
規制料金 326,140,772 280,041,978 46,098,794
自由料金 487,848,199 447,305,937 40,542,262
合計 813,988,971 727,347,915 86,641,056
自由/合計 59.9% 61.5% 46.8%
令和5年1月分全国合計
供給種別 低圧計
販売額
（単位：千円）
※１０ 沖縄の低圧電力を除く。 
 
 
（３）契約口数について 
今月分の契約口数の実績については、表１０から表１３に示しており、各表の意義
は以下のとおりです。 
 
表１０：全小売電気事業者の契約口数の合計値（電圧種別／エリア別） 表１１：新電力の契約口数の合計値（電圧種別／全国） 
    （ あ わ せ て 、 電 圧 種別の契約口数（全国）に占める新電力の契約口数の 
割合も記載。） 
表１２：みなし小売電気事業者の契約口数の合計値（電圧種別／全国） 表１３：旧供給区域において、みなし小売電気事業者の契約口数（低圧）に 
占める自由料金メニューの割合（全国） 
  
【表１０】   全小売電気事業者の契約口数（電圧種別／エリア別） 
電灯 電力
北海道 275 37,924 4,036,301 3,671,734 364,567 4,074,500
東北 1,037 82,195 7,919,771 7,201,869 717,902 8,003,003
東京 4,020 246,761 31,123,900 29,417,576 1,706,324 31,374,681
中部 1,452 116,159 11,042,310 10,191,454 850,856 11,159,921
北陸 231 24,568 2,175,055 1,984,691 190,364 2,199,854
関西 2,182 128,007 14,260,077 13,374,466 885,611 14,390,266
中国 747 53,150 5,396,036 5,039,377 356,659 5,449,933
四国 204 31,282 2,857,157 2,592,867 264,290 2,888,643
九州 885 79,215 9,144,449 8,407,672 736,777 9,224,549
沖縄 106 5,924 877,875 832,534 45,341 883,905
全国計 11,139 805,185 88,832,931 82,714,240 6,118,691 89,649,255
令和5年1月分契約口数　合計（単位：件）
合計供給
区域特別高圧 高圧 低圧計
 
                       
 
 
7 
 
【表１１】   新電力の契約口数及び割合（電圧種別／全国） 
電灯 電力
全国 1,628 184,611 19,946,170 19,038,214 907,956 20,132,409
新電力/全体 14.6% 22.9% 22.5% 23.0% 14.8% 22.5%合計 供給区域 特別高圧 高圧 低圧計
令和5年1月分新電力　合計（単位：件）
 
 
【表１２】   みなし小売電気事業 者の契約口数（電圧種別／全国） 
電灯 電力
全国 9,511 620,574 68,886,761 63,676,026 5,210,735 69,516,846みなし小売電気事業者　合計（単位：件）
令和5年1月分合計 供給区域 特別高圧 高圧 低圧計
※１１ みなし小売電気事業者の旧供給区域外における販売実績を含む。  
 
 
【表１３】 旧供給区域におけるみなし小売電気事業者の契約口数（低圧）に占める  
自由料金メニューの割合（全国） 
低圧電灯 低圧電力
規制料金 46,279,206 42,861,773 3,417,433
自由料金 22,334,807 20,591,182 1,743,625
合計 68,614,013 63,452,955 5,161,058
自由/合計 32.6% 32.5% 33.8%
令和5年1月分全国合計
供給種別 低圧計
契約口数
（単位：件）
※１２ 沖縄の低圧電力を除く。 
 
 
（４）スイッチングの状況（低圧）について 
今月分のスイッチングの状況（低圧）の実績については、表１４及び表１５に示して
おり、各表の意義は以下のとおりです。 
 
表１４：低圧の契約のうち、みなし小売電気事業者から新電力等（域外に供給 
しているみなし小売電気事業者を含む。）への変更など、月間のスイッチ ング件数（エリア別） 
表１５：表１４について、平成２８年４月以降の数値を累積したもの（エリア別） 
 
                       
 
 
8 
 
【表１４】 小売電気事業者の月間スイッチング実績（エリア別） 
          （単位：件） 
変更内容みなし小売電気事業
者から新電力等
への変更新電力等から
みなし小売電気事業
者への変更新電力等から
新電力等への変更月間スイッチング
件数合計みなし小売電気事業
者の規制料金から自由料金への変更
北海道
1,871 2,573 1,110 5,554 689
東北 2,565 4,879 2,257 9,701 482
東京 17,140 25,824 26,884 69,848 3,194
中部 11,780 8,880 3,239 23,899 2,157
北陸 283 736 208 1,227 350
関西 6,310 30,871 14,801 51,982 1,742
中国 2,008 4,902 2,343 9,253 1,606
四国 1,050 5,532 3,875 10,457 1,456
九州 3,713 6,410 3,127 13,250 1,155
沖縄 2,103 845 440 3,388 970
合計 48,823 91,452 58,284 198,559 13,801
令和5年1月分 
 
 
【表１５】 小売電気事業者の累積スイッチング実績（エリア別／平成２８年４月以降） 
（単位：件） 
変更内容みなし小売電気事業
者から新電力等
への変更新電力等から
みなし小売電気事業
者への変更新電力等から
新電力等への変更スイッチング
件数合計みなし小売電気事業者
の規制料金から自由料
金への変更
北海道 881,544 131,397 125,945 1,138,886 268,595
東北 1,155,468 102,376 224,987 1,482,831 682,728
東京 9,631,285 733,054 2,357,160 12,721,499 2,523,027
中部 2,329,580 218,702 375,508 2,923,790 1,927,084
北陸 128,189 24,375 26,039 178,603 390,462
関西 3,970,871 512,257 801,113 5,284,241 2,000,053
中国 632,590 90,619 110,600 833,809 693,226
四国 396,543 53,465 78,854 528,862 378,989
九州 1,514,121 211,497 239,544 1,965,162 928,905
沖縄 106,933 11,706 5,209 123,848 171,524
合計 20,747,124 2,089,448 4,344,959 27,181,531 9,964,593
令和5年1月分 
※１３ 電力広域的運営推進機関から公表されている平成２８年４月以降の累積スイッチング件数との
数値の相違は、①電力広域的運営推進機関の情報には高圧のスイッチング件数が含まれるこ
と、②同機関へのスイッチング申請を行った後、実際にスイッチングが行われるまでに２～３週間程度のタイムラグが存在していること等による。 
 
  
 
  （本発表資料のお問い合わせ先） 
  電力・ガス取引監視等委員会事務局 
取引監視課長  池田 
担当者：安原、守田、髙森 電 話： 03-3501-1552（直通）
 
