PDF URL: https://www.emsc.meti.go.jp/info/public/pdf/20231115002a.pdf

                       
 
 
1 
 
 
令和５年１１月１５日 
経済産業省  電力・ガス取引監視等委員 会 
 
電力取引 の状況（令和 ５年８月分） 
 
 
  当委員会は、 平成２８年４ 月から電力取引の監視に必要な情報について、電気事
業者及び卸電力取引所より定 期的に情報収集を行って おり、今般、令和５年８月分
の販売電力量等の実績について結果を公表します。  
 
※１ 令和５年１０月３１日時点における報告を集計 （集計にあたり、小数点（ただし、パーセント表示に
ついては小数点第２位）を四捨五入した 。）。今後、事業者から修正の申請等があった場合 、随時
訂正する予定。  
※２ 電力取引報では、集計において事業者の過度の負担を 避けるため、販売電力量と販売額に つい
てN－１月検針日から N月検針日前日までの実績を N月分として計上 することを認め ている。 
したがって、大宗の企業は検針日までの実績を報告しているため 、実際の N月需要に対する実績
とは一致しない 。 
※３ 新電力とは、みなし小売電気事業者（旧一般電気事業者）以外の小売電気 事業者を指す。  
※４ 自由料金メニュー は、平成２８年３月末時点における旧選択約款に基づく電力供給実績を含む。  
※５ 規制料金 メニューの販売実績については、電力調査統計から数値を記載。  
※６ 販売電力 量の合計・新電力シェア については、その他需要を含め ず算出。 
※７ その他需要は、建設工事用電力と事業用電力の合計値であり、事業用 電力は自社の設備及び
営業所のために供給する電力量を 含む。 【主な指標】  
○全体の販売電力量        ７７０億kWh（対前年同月比  １８億kWh増） 
○新電力シェア  
販売電力量ベース    １７．５％（対前年同月 比  ３．１pt減） 
      販売額ベース      １９．８％（対前年同月比   ３．４pt減） 
      契約口数ベース     ２２．０％（対前 年同月比  ０．６pt減） 
        ※低圧のみ      ２２．０％（対前 年同月比    ０．６pt減） 
 
                       
 
 
2 
 
（１）販売電力量について  
今月分の販売電力量の実績については、表１から表５に示 しており、各表の意義
は以下のとおりです。  
 
表１：全小売電気事業者（新電力及びみなし小売電気事業者 。以下同じ。） の 
販売電力量の合計値（電圧種別／エリア別）  
表２：表１の数値のうち、新電力の数値を抽出し たもの  
（あわせて 、電圧種別の 販売電力量 （全国）に占める 新電力の販売電力量  
の割合も記載。） 
表３：表１の数値のうち、みなし小売電気事業者の数値を抽出したもの  
表４：旧供給区域（みなし小売電気事業者が、 平成２８年３月以前に電力供給  
していた区域。以下同じ。）において、全 小売電気事業者の販売電力量  
（低圧）に占める自由料金メニューの割合  
表５：表４のうち、みなし小売電気事業者の販売電力量（低圧）に占める自由料金  
   メニューの割合を抽出したもの  
 
 
【表１】  全小売電気事業者 の販売電力量（電圧種別 ／エリア別） 
電灯 電力
北海道 233,085 1,113,707 926,776 811,790 114,986 2,273,568 3,815
東北 1,560,700 2,838,939 2,362,615 2,049,603 313,012 6,762,254 2,976
東京 6,242,061 9,227,575 10,226,694 9,051,347 1,175,348 25,696,331 17,761
中部 3,411,302 4,328,664 3,643,409 3,133,045 510,364 11,383,375 9,313
北陸 581,782 1,037,202 779,967 674,761 105,205 2,398,950 2,162
関西 3,547,419 4,332,374 4,838,109 4,279,219 558,889 12,717,902 32,321
中国 1,517,787 1,706,711 1,700,754 1,508,507 192,247 4,925,252 16,300
四国 391,005 967,128 956,558 821,049 135,509 2,314,691 6,359
九州 1,690,678 2,802,674 3,307,746 2,798,053 509,693 7,801,097 10,179
沖縄 126,067 272,745 362,142 317,847 44,295 760,954 534
全国計 19,301,885 28,627,719 29,104,770 25,445,222 3,659,548 77,034,374 101,720
令和5年8月分販売電力量  合計(単位：MWh）
供給
区域特別高圧 高圧 低圧計 合計 その他需要
 
 
                       
 
 
3 
 
【表２】  新電力の 販売電力量 及び割合（電圧種別 ／エリア別）  
電灯 電力
北海道 23,632 143,046 216,324 201,991 14,333 383,002 1,748
東北 67,129 404,429 406,340 367,164 39,176 877,898 1,490
東京 585,671 2,431,634 3,769,848 3,490,047 279,802 6,787,154 17,761
中部 55,599 549,204 837,069 758,230 78,839 1,441,872 8,891
北陸 1,453 100,401 58,365 46,538 11,826 160,218 154
関西 127,194 436,782 1,497,946 1,350,275 147,670 2,061,922 26,145
中国 59,900 244,073 228,812 193,790 35,022 532,785 4,364
四国 17,882 88,494 138,864 118,111 20,753 245,240 208
九州 46,093 280,465 578,807 494,008 84,799 905,364 1,909
沖縄 3,542 26,415 46,714 41,618 5,096 76,671 0
全国計 988,094 4,704,943 7,779,089 7,061,773 717,316 13,472,126 62,670
新電力/全体 5.1% 16.4% 26.7% 27.8% 19.6% 17.5% 61.6%供給
区域
令和5年8月分新電力  合計(単位：MWh）
その他需要 特別高圧 高圧 低圧計 合計
 
 
【表３】  みなし小売電 気事業者の販売電力量（ 電圧種別 ／エリア別） 
電灯 電力
北海道 209,453 970,661 710,452 609,799 100,653 1,890,566 2,067
東北 1,493,571 2,434,510 1,956,275 1,682,439 273,836 5,884,356 1,486
東京 5,656,390 6,795,941 6,456,846 5,561,300 895,546 18,909,177 0
中部 3,355,703 3,779,460 2,806,340 2,374,815 431,525 9,941,503 422
北陸 580,329 936,801 721,602 628,223 93,379 2,238,732 2,008
関西 3,420,225 3,895,592 3,340,163 2,928,944 411,219 10,655,980 6,176
中国 1,457,887 1,462,638 1,471,942 1,314,717 157,225 4,392,467 11,936
四国 373,123 878,634 817,694 702,938 114,756 2,069,451 6,151
九州 1,644,585 2,522,209 2,728,939 2,304,045 424,894 6,895,733 8,270
沖縄 122,525 246,330 315,428 276,229 39,199 684,283 534
全国計 18,313,791 23,922,776 21,325,681 18,383,449 2,942,232 63,562,248 39,050みなし小売電気事業者  合計(単位：MWh）
合計 その他需要
令和5年8月分供給
区域特別高圧 高圧 低圧計
※８ みなし小売電気事業者の旧供給区域外における販売実績を含む 。 
 
                       
 
 
4 
 
【表４】  旧供給区域 における販売電力量（低圧） に占める自由料金メニュ ーの割合  
供給区域 北海道 東北
電灯 電力 電灯 電力
428,567 349,434 79,133 1,179,236 946,860 232,376
498,209 462,356 35,853 1,183,379 1,102,743 80,636
926,776 811,790 114,986 2,362,615 2,049,603 313,012
53.8% 57.0% 31.2% 50.1% 53.8% 25.8%
東京 中部 北陸
電灯 電力 電灯 電力 電灯 電力
3,770,319 3,172,832 597,487 1,126,245 958,841 167,404 253,657 204,996 48,661
6,456,375 5,878,515 577,861 2,517,164 2,174,204 342,960 526,310 469,765 56,544
10,226,694 9,051,347 1,175,348 3,643,409 3,133,045 510,364 779,967 674,761 105,205
63.1% 65.0% 49.2% 69.1% 69.4% 67.2% 67.5% 69.6% 53.8%
関西 中国 四国
電灯 電力 電灯 電力 電灯 電力
1,710,032 1,361,452 348,579 490,281 380,271 110,010 329,331 266,492 62,839
3,128,077 2,917,767 210,310 1,210,473 1,128,236 82,237 627,227 554,557 72,670
4,838,109 4,279,219 558,889 1,700,754 1,508,507 192,247 956,558 821,049 135,509
64.7% 68.2% 37.6% 71.2% 74.8% 42.8% 65.6% 67.5% 53.6%
九州 沖縄 合計
電灯 電力 電灯 電力 電灯 電力
1,256,227 916,567 339,660 179,256 179,256 - 10,723,151 8,737,001 1,986,149
2,051,519 1,881,486 170,033 138,591 138,591 - 18,337,324 16,708,221 1,629,103
3,307,746 2,798,053 509,693 317,847 317,847 - 29,060,475 25,445,222 3,615,253
62.0% 67.2% 33.4% 43.6% 43.6% - 63.1% 65.7% 45.1%
令和5年8月分低圧計
低圧計 低圧計 低圧計
低圧計 低圧計規制料金
自由料金
合計
自由/合計供給種別 低圧計 低圧計
低圧計 低圧計
低圧計販売
電力量
(単位:MWh)
 
 
【表５】  旧供給区域における みなし小売電気事業 者の販売電力量 （低圧）に占める
自由料金メニューの割合  
供給区域 北海道電力 東北電力
電灯 電力 電灯 電力
428,567 349,434 79,133 1,179,236 946,860 232,376
281,374 259,856 21,518 776,241 734,843 41,398
709,941 609,290 100,651 1,955,477 1,681,703 273,774
39.6% 42.7% 21.4% 39.7% 43.7% 15.1%
東京電力 中部電力 北陸電力
電灯 電力 電灯 電力 電灯 電力
3,770,319 3,172,832 597,487 1,126,245 958,841 167,404 253,657 204,996 48,661
2,657,395 2,362,578 294,817 1,671,522 1,408,061 263,461 467,745 423,065 44,680
6,427,714 5,535,410 892,304 2,797,767 2,366,902 430,865 721,402 628,061 93,341
41.3% 42.7% 33.0% 59.7% 59.5% 61.2% 64.8% 67.4% 47.9%
関西電力 中国電力 四国電力
電灯 電力 電灯 電力 電灯 電力
1,710,032 1,361,452 348,579 490,281 380,271 110,010 329,331 266,492 62,839
1,607,160 1,548,841 58,320 978,412 931,370 47,042 486,541 434,789 51,752
3,317,192 2,910,293 406,899 1,468,693 1,311,641 157,052 815,872 701,281 114,591
48.5% 53.2% 14.3% 66.6% 71.0% 30.0% 59.6% 62.0% 45.2%
九州電力 沖縄電力 合計
電灯 電力 電灯 電力 電灯 電力
1,256,227 916,567 339,660 179,256 179,256 - 10,723,151 8,737,001 1,986,149
1,471,233 1,386,156 85,077 96,973 96,973 - 10,494,596 9,586,532 908,065
2,727,460 2,302,723 424,737 276,229 276,229 - 21,217,747 18,323,533 2,894,214
53.9% 60.2% 20.0% 35.1% 35.1% - 49.5% 52.3% 31.4%
令和5年8月分低圧計 低圧計 低圧計低圧計 低圧計 低圧計販売
電力量
(単位:MWh)規制料金
自由料金
合計
自由/合計
低圧計 低圧計 低圧計供給種別 低圧計 低圧計
 
                       
 
 
5 
 
（２）販売額について 
今月分の販売額の実績に ついては、表６から表９に示 しており、各表の意義は以
下のとおりです。  
 
表６：全小売電気事業者の販売額の合計値（電圧種別／エリア別）  
表７：新電力の販売額の合計値 （電圧種別／全国 ） 
（あわせて 、電圧種別の販売額（全国）に占める 新電力の販売額の割合も 
記載。） 
表８：みなし 小売電気事業 者の販売額の合計値（電 圧種別／全国）  
表９：旧供給区域にお いて、みなし小売電気事業者の 販売額（低圧）に占める  
自由料金メニューの割合（全国）  
 
【表６】  全小売電気事業者の販売 額（電圧種別／エリア別） 
電灯 電力
北海道 5,352,358 25,964,715 27,327,815 23,995,217 3,332,599 58,644,889
東北 37,820,960 71,064,244 62,204,827 53,871,809 8,333,017 171,090,030
東京 123,941,586 186,526,672 263,610,541 234,666,962 28,943,579 574,078,799
中部 61,868,308 84,223,468 86,588,508 74,473,456 12,115,052 232,680,285
北陸 12,742,618 23,436,052 18,988,401 16,308,270 2,680,131 55,167,071
関西 66,185,599 81,488,826 103,009,942 91,800,106 11,209,835 250,684,366
中国 33,458,148 40,310,204 43,002,619 37,953,584 5,049,036 116,770,971
四国 7,532,261 20,116,108 23,246,067 19,717,626 3,528,441 50,894,437
九州 28,913,361 48,430,697 66,808,480 56,753,503 10,054,977 144,152,537
沖縄 3,223,656 6,193,690 9,307,857 8,200,891 1,106,966 18,725,203
全国計 381,038,855 587,754,676 704,095,057 617,741,425 86,353,632 1,672,888,588販売額　合計（単位：千円）
令和5年8月分供給
区域特別高圧 高圧 低圧計 合計
 
 
【表７】  新電力の販売額及び割合（電圧種別 ／全国） 
電灯 電力
全国 21,976,740 105,231,760 203,834,926 186,646,888 17,188,038 331,043,426
新電力/全体 5.8% 17.9% 29.0% 30.2% 19.9% 19.8%新電力　合計（単位：千円）
高圧 低圧計
令和5年8月分合計 供給区域 特別高圧
 
 
【表８】  みなし小売電気事業者 の販売額（電圧種別 ／全国） 
電灯 電力
全国 359,062,115 482,522,916 500,260,131 431,094,537 69,165,594 1,341,845,162みなし小売電気事業者　合計（単位：千円）
令和5年8月分供給区域 特別高圧 高圧 低圧計 合計
※９ みなし小売電気事業者の 旧供給区域外における販売実績を含む。  
                       
 
 
6 
 
【表９】  旧供給区域における みなし小売電気事 業者の販売額（低圧）に占める自由
料金メニューの割合（全国）  
低圧電灯 低圧電力
規制料金 256,289,916 208,053,708 48,236,208
自由料金 241,355,643 221,574,674 19,780,969
合計 497,645,559 429,628,382 68,017,177
自由/合計 48.5% 51.6% 29.1%
令和5年8月分全国合計
供給種別 低圧計
販売額
（単位：千円）
※１０  沖縄の低圧電力を除く。  
 
 
（３）契約口数について  
今月分の契約口数の実績については、表１０から表１３に示 しており、各表の意義
は以下のと おりです。  
 
表１０：全小売電気事業者の契約口数の合計値（電圧種別／エリア 別） 
表１１：新電力の契約口数 の合計値（電 圧種別／全国） 
    （あわせて 、電圧種別の契約口数 （全国）に占める 新電力の契約口数 の 
割合も記載。） 
表１２：みなし 小売電気事業者の契約口数の合計値（電圧種別／全国）  
表１３：旧供給区域において、みなし小売電気事業者の 契約口数（低圧）に  
占める自由料金メニューの割合（全国）  
 
 
【表１０】   全小売電気事業者 の契約口数 （電圧種別 ／エリア別）  
電灯 電力
北海道 274 38,704 3,862,827 3,682,606 180,221 3,901,805
東北 1,064 87,824 7,840,597 7,177,104 663,493 7,929,485
東京 4,251 257,810 31,276,711 29,534,574 1,742,137 31,538,772
中部 1,494 122,106 11,051,028 10,207,601 843,427 11,174,628
北陸 233 25,216 2,159,543 1,984,133 175,410 2,184,992
関西 2,223 131,878 14,288,363 13,400,087 888,276 14,422,464
中国 768 56,261 5,392,295 5,033,345 358,950 5,449,324
四国 201 31,583 2,859,117 2,588,599 270,518 2,890,901
九州 887 82,070 9,165,911 8,410,752 755,159 9,248,868
沖縄 104 5,879 891,109 845,535 45,574 897,092
全国計 11,499 839,331 88,787,501 82,864,336 5,923,165 89,638,331
令和5年8月分契約口数　合計（単位：件）
合計供給
区域特別高圧 高圧 低圧計
 
                       
 
 
7 
 
【表１１】   新電力の契約口数 及び割合（電圧種別 ／全国）  
電灯 電力
全国 1,415 169,508 19,533,872 18,673,206 860,666 19,704,795
新電力/全体 12.3% 20.2% 22.0% 22.5% 14.5% 22.0%合計 供給区域 特別高圧 高圧 低圧計
令和5年8月分新電力　合計（単位：件）
 
 
【表１２】   みなし小売電気事業者の 契約口数 （電圧種別 ／全国）  
電灯 電力
全国 10,084 669,823 69,253,629 64,191,130 5,062,499 69,933,536みなし小売電気事業者　合計（単位：件）
令和5年8月分合計 供給区域 特別高圧 高圧 低圧計
※１１ みなし小売電気事業者の 旧供給区域外における販売実績 を含む。 
 
 
【表１３】 旧供給区域におけるみなし小売電気事 業者の契約口数 （低圧）に占める  
自由料金 メニューの割合（全国）  
低圧電灯 低圧電力
規制料金 46,779,153 43,178,886 3,600,267
自由料金 22,243,392 20,826,858 1,416,534
合計 69,022,545 64,005,744 5,016,801
自由/合計 32.2% 32.5% 28.2%
令和5年8月分全国合計
供給種別 低圧計
契約口数
（単位：件）
※１２ 沖縄の低圧電力を除く。  
 
 
（４）スイッチング の状況（低圧）について 
今月分のスイッチングの状況（低圧）の実績については、表１４及び表１５に 示して
おり、各表の意義は以下 のとおりで す。 
 
表１４：低圧の 契約のうち、みなし小売電気事業者から新電力等（域外に供給  
しているみなし小売電気事業者を含む。） への変更など、月間のスイッチ  
ング件数（エリア別）  
表１５：表 １４について、 平成２８年４月以降の数値を累積したもの（エリア別）  
 
                       
 
 
8 
 
【表１４】 小売電気事業者の月間スイッチング実績 （エリア別） 
          （単位：件） 
変更内容みなし小売電気事業
者から新電力等
への変更新電力等から
みなし小売電気事業
者への変更新電力等から
新電力等への変更月間スイッチング
件数合計みなし小売電気事業
者の規制料金から自
由料金への変更
北海道 2,600 1,875 20,117 24,592 2,825
東北 2,804 2,303 34,152 39,259 2,319
東京 18,733 13,422 79,326 111,481 5,291
中部 6,287 3,830 3,264 13,381 1,968
北陸 968 148 333 1,449 4,941
関西 5,461 13,155 13,427 32,043 1,288
中国 3,280 1,526 1,856 6,662 3,438
四国 1,522 824 9,797 12,143 1,246
九州 2,882 3,373 3,910 10,165 850
沖縄 979 436 166 1,581 4,562
合計 45,516 40,892 166,348 252,756 28,728
令和5年8月分
 
 
 
【表１５】 小売電気事業者の 累積スイッチング実績 （エリア別／平成２８年４月以降） 
（単位：件）  
変更内容みなし小売電気事業
者から新電力等
への変更新電力等から
みなし小売電気事業
者への変更新電力等から
新電力等への変更スイッチング
件数合計みなし小売電気事業者
の規制料金から自由料
金への変更
北海道 898,553 171,210 189,740 1,259,503 278,744
東北 1,171,701 139,292 280,067 1,591,060 689,965
東京 9,773,005 979,792 2,601,116 13,353,913 2,548,681
中部 2,376,830 298,560 415,365 3,090,755 1,942,308
北陸 137,966 28,951 28,937 195,854 398,718
関西 4,017,158 711,347 886,970 5,615,475 2,010,224
中国 654,463 115,223 130,204 899,890 705,945
四国 403,312 67,498 95,350 566,160 387,368
九州 1,541,226 263,069 271,141 2,075,436 935,737
沖縄 115,999 15,061 7,392 138,452 182,571
合計 21,090,213 2,790,003 4,906,282 28,786,498 10,080,261
令和5年8月分
 
※１３ 電力広域的 運営推進機関から公表されている平成 ２８年４月以降の累積スイッチング件数との
数値の相違は、①電力広域的運営推進機関の情報には高圧のスイッチング件数が含まれるこ
と、②同機関へのスイッチング申請を行った後、 実際にスイッチングが行われるまでに ２～３週間
程度のタイムラグが存在 していること等による。  
 
 
 
 
  （本発表資 料のお問い合わ せ先）  
   電力・ガス取引監視等 委員会事 務局 
取引監視課長   下津 
担当者：安原、野崎、野村、髙森 
電 話： 03-3501-1552（直通）  
