PDF URL: https://www.emsc.meti.go.jp/info/public/pdf/20230127001a.pdf

                       
 
 
1 
 
 
令和５年１月２７日  
経済産業省 電力・ガス取引監視等委員会  
 
電力取引の状況（令和４年１０月分） 
 
 
  当委員会は、平成２８年４月から電力取引の監視に必要な情報について、電気事
業者及び卸電力取引所より定期的に情報収集を 行っており、今般、令和４年１０月分
の販売電力量等の実績について結果を公表します。 
 
※１ 令和５年１月１８日時点における報告を集計。今後、事業者から修正の申請等があった場合、 
随時訂正する予定。 
※２ 電力取引報では、集計において事業者の過度の負担を避けるため、販売電力量と販売額につい
て N－１月検針日からN 月検針日前日までの実績をN月分として計上することを認めている。 
したがって、大宗の企業は検針日までの実績を報告しているため、実際のN月需要に対する実績とは一致しない。 
※３ 新電力とは、みなし小売電気事業者（旧一般電気事業者）以外の小売電気事業者を指す。 
※４ 自由料金メニューは、平成２８年３月末時点における旧選択約款に基づく電力供給実績を含む。 
※５ 規制料金メニューの販売実績については、電力調査統計から数値を記載。 ※６ 販売電力量の合計・新電力シェアについては、その他需要を含めず算出。 
※７ その他需要は、建設工事用電力と事業用電力の合計値であり、事業用電力は自社の設備及び
営業所のために供給する電力量を含む。 【主な指標】 
○全体の販売電力量       ６ ２ ０ 億k W h（対前年同月比  １８億 kWh 減） 
○新電力シェア 
販売電力量ベース   １８．３％（対前年同月比  ２．９pt 減） 
      販売額ベース     ２１．１％（対前年同月比  １．７pt 減）       契約口数ベース    ２２．８％（対前年同月比  ２．３pt 増） 
        
※低圧のみ      ２２．７％（対前年同月比   ２．３pt 増 ） 
 
                       
 
 
2 
 
（１）販売電力量について 
今月分の販売電力量の実績については、表１から表５に示しており、各表の意義
は以下のとおりです。 
 
表１：全小売電気事業者（新電力及びみなし小売電気事業者。以下同じ。）の 
販売電力量の合計値（電圧種別／エリア別） 
表２：表１の数値のうち、新電力の数値を抽出したもの 
（あわせて、電圧種別の販売電力量（全国）に占める新電力の販売電力量 
の割合も記載。） 
表３：表１の数値のうち、みなし小売電気事業者の数値を抽出したもの 表４：旧供給区域（みなし小売電気事業者が、平成２８年３月以前に電力供給 
していた区域。以下同じ。）において、全小売電気事業者の販売電力量 
（低圧）に占める自由料金メニューの割合 
表５：表４のうち、みなし小売電気事業者の販売電力量（低圧）に占める自由料金 
   メ ニ ュ ー の割合を抽出したもの 
 
 
【表１】  全小売電気事業者の販売電力量（電圧種別／エリア別） 
電灯 電力
北海道 266,847 949,731 834,713 735,295 99,418 2,051,291 2,934
東北 1,628,621 2,196,633 1,715,601 1,497,729 217,871 5,540,855 2,327
東京 5,504,399 6,882,311 6,996,304 6,270,759 725,545 19,383,014 9,871
中部 3,261,554 3,580,594 2,775,538 2,401,904 373,634 9,617,686 6,373
北陸 591,836 782,310 592,235 520,538 71,697 1,966,381 1,910
関西 3,317,815 3,451,320 3,506,814 3,120,805 386,009 10,275,949 38,825
中国 1,516,410 1,371,724 1,295,019 1,154,743 140,276 4,183,153 10,937
四国 463,425 759,146 719,974 618,978 100,995 1,942,545 5,304
九州 1,613,527 2,354,738 2,333,107 1,985,642 347,464 6,301,372 14,263
沖縄 113,489 251,174 327,399 285,827 41,572 692,061 537
全国計 18,277,924 22,579,682 21,096,702 18,592,222 2,504,480 61,954,308 93,2 81
令和4年10月分販売電力量  合計(単位：MWh）
供給
区域特別高圧 高圧 低圧計 合計 その他需要
 
 
                       
 
 
3 
 
【表２】  新電力の販売電力量及び割合（電圧種別／エリア別） 
電灯 電力
北海道 8,233 126,674 193,705 180,394 13,311 328,612 1,662
東北 48,858 335,788 301,627 270,732 30,894 686,273 1,131
東京 938,534 2,252,036 2,507,713 2,330,281 177,432 5,698,283 9,871
中部 50,941 569,637 605,850 545,798 60,052 1,226,428 5,970
北陸 14,113 107,822 44,352 36,474 7,878 166,287 120
関西 178,589 551,462 1,097,907 982,131 115,776 1,827,958 34,208
中国 40,080 221,145 172,909 143,961 28,948 434,134 1,451
四国 13,603 93,078 106,984 89,974 17,009 213,665 417
九州 56,698 211,762 399,567 344,255 55,311 668,027 7,828
沖縄 4,673 35,649 43,012 38,024 4,988 83,333 0
全国計 1,354,323 4,505,054 5,473,624 4,962,026 511,598 11,333,001 62,658
新電力/全体 7.4% 20.0% 26.0% 26.7% 20.4% 18.3% 67.2%供給
区域
令和4年10月分新電力  合計(単位：MWh）
その他需要 特別高圧 高圧 低圧計 合計
 
 
【表３】  みなし小売電気事業者の販売電力量（電圧種別／エリア別） 
電灯 電力
北海道 258,614 823,057 641,008 554,901 86,107 1,722,679 1,272
東北 1,579,763 1,860,845 1,413,974 1,226,997 186,977 4,854,582 1,196
東京 4,565,865 4,630,275 4,488,591 3,940,478 548,113 13,684,731 0
中部 3,210,613 3,010,957 2,169,688 1,856,106 313,582 8,391,258 403
北陸 577,723 674,488 547,883 484,064 63,819 1,800,094 1,790
関西 3,139,226 2,899,858 2,408,907 2,138,674 270,233 8,447,991 4,617
中国 1,476,330 1,150,579 1,122,110 1,010,782 111,328 3,749,019 9,486
四国 449,822 666,068 612,990 529,004 83,986 1,728,880 4,887
九州 1,556,829 2,142,976 1,933,540 1,641,387 292,153 5,633,345 6,435
沖縄 108,816 215,525 284,387 247,803 36,584 608,728 537
全国計 16,923,601 18,074,628 15,623,078 13,630,196 1,992,882 50,621,307 30,6 23みなし小売電気事業者  合計(単位：MWh）
合計 その他需要
令和4年10月分供給
区域特別高圧 高圧 低圧計
※８ みなし小売電気事業者の旧供給区域外における販売実績を含む。 
 
                       
 
 
4 
 
【表４】  旧供給区域における販売電力量（低圧）に占め る自由料金メニューの割合 
供給区域 北海道 東北
電灯 電力 電灯 電力
370,431 307,431 63,000 785,604 641,746 143,858
464,282 427,864 36,418 929,997 855,983 74,013834,713 735,295 99,418 1,715,601 1,497,729 217,871
55.6% 58.2% 36.6% 54.2% 57.2% 34.0%
東京 中部 北陸
電灯 電力 電灯 電力 電灯 電力
2,489,090 2,184,235 304,855 785,836 691,687 94,149 174,088 144,862 29,2 26
4,507,214 4,086,524 420,690 1,989,702 1,710,217 279,485 418,147 375,67 6 42,471
6,996,304 6,270,759 725,545 2,775,538 2,401,904 373,634 592,235 520,53 8 71,697
64.4% 65.2% 58.0% 71.7% 71.2% 74.8% 70.6% 72.2% 59.2%
関西 中国 四国
電灯 電力 電灯 電力 電灯 電力
1,122,486 910,950 211,536 364,212 287,838 76,374 233,052 193,477 39,575
2,384,328 2,209,855 174,473 930,807 866,905 63,902 486,922 425,501 61,4 20
3,506,814 3,120,805 386,009 1,295,019 1,154,743 140,276 719,974 618,97 8 100,995
68.0% 70.8% 45.2% 71.9% 75.1% 45.6% 67.6% 68.7% 60.8%
九州 沖縄 合計
電灯 電力 電灯 電力 電灯 電力
830,853 617,210 213,643 151,361 151,361 - 7,307,013 6,130,797 1,176,216
1,502,254 1,368,432 133,821 134,466 134,466 - 13,748,117 12,461,425 1,2 86,693
2,333,107 1,985,642 347,464 285,827 285,827 - 21,055,130 18,592,222 2,4 62,908
64.4% 68.9% 38.5% 47.0% 47.0% - 65.3% 67.0% 52.2%
令和4年10月分低圧計
低圧計 低圧計 低圧計
低圧計 低圧計 低圧計販売
電力量
(単位:MWh)規制料金
自由料金
合計
自由/合計供給種別 低圧計 低圧計
低圧計 低圧計
 
 
【表５】  旧供給区域におけるみなし小売 電気事業者の販売電力量（低圧）に占める
自由料金メニューの割合 
供給区域 北海道電力 東北電力
電灯 電力 電灯 電力
370,431 307,431 63,000 785,604 641,746 143,858270,081 246,975 23,106 627,822 584,747 43,075
640,512 554,406 86,106 1,413,426 1,226,493 186,933
42.2% 44.6% 26.8% 44.4% 47.7% 23.0%
東京電力 中部電力 北陸電力
電灯 電力 電灯 電力 電灯 電力
2,489,090 2,184,235 304,855 785,836 691,687 94,149 174,088 144,862 29,2 26
1,953,869 1,726,459 227,410 1,376,302 1,157,367 218,935 373,631 339,06 4 34,567
4,442,959 3,910,694 532,265 2,162,138 1,849,054 313,084 547,719 483,92 6 63,793
44.0% 44.2% 42.7% 63.7% 62.6% 69.9% 68.2% 70.1% 54.2%
関西電力 中国電力 四国電力
電灯 電力 電灯 電力 電灯 電力
1,122,486 910,950 211,536 364,212 287,838 76,374 233,052 193,477 39,5751,262,346 1,209,593 52,753 754,623 719,782 34,841 378,062 333,791 44,27 1
2,384,832 2,120,543 264,289 1,118,835 1,007,620 111,215 611,114 527,26 8 83,846
52.9% 57.0% 20.0% 67.5% 71.4% 31.3% 61.9% 63.3% 52.8%
九州電力 沖縄電力 合計
電灯 電力 電灯 電力 電灯 電力
830,853 617,210 213,643 151,361 151,361 - 7,307,013 6,130,797 1,176,216
1,101,425 1,023,033 78,392 96,442 96,442 - 8,194,603 7,437,253 757,3501,932,278 1,640,243 292,035 247,803 247,803 - 15,501,616 13,568,050 1,9 33,566
57.0% 62.4% 26.8% 38.9% 38.9% - 52.9% 54.8% 39.2%
令和4年10月分低圧計 低圧計 低圧計供給種別 低圧計 低圧計
販売
電力量
(単位:MWh)規制料金自由料金
合計
自由/合計
低圧計 低圧計 低圧計
低圧計 低圧計 低圧計
 
                       
 
 
5 
 
（２）販売額について 
今月分の販売額の実績については、表６から表９に示しており、各表の意義は以
下のとおりです。  
表６：全小売電気事業者の販売額の合計値（電圧種別／エリア別） 表７：新電力の販売額の合計値（電圧種別／全国） 
（あわせて、電圧種別の販売額（全国）に占める新電力の販売額の割合も 記載。） 
表８：みなし小売電気事業者の販売額の合計値（電圧種別／全国） 表９：旧供給区域において、みなし小売電気事業者の販売額（低圧）に占める 
自由料金メニューの割合（全国） 
 
 【表６】  全小売電気事業者の販売額（電圧種別／エリア別） 
電灯 電力
北海道 6,052,395 25,669,237 26,346,739 22,940,458 3,406,281 58,068,371
東北 33,577,694 58,340,003 50,259,199 42,669,309 7,589,890 142,176,896
東京 122,774,523 178,613,049 226,519,306 199,595,223 26,924,083 527,906,8 78
中部 66,702,718 86,076,108 86,056,432 73,249,653 12,806,778 238,835,257
北陸 10,499,120 17,512,330 16,010,818 13,687,374 2,323,444 44,022,268
関西 61,262,090 76,954,242 93,537,367 81,805,780 11,731,587 231,753,698
中国 31,906,945 35,224,479 39,190,779 34,303,490 4,887,289 106,322,203
四国 7,850,842 16,661,537 18,752,673 15,539,908 3,212,765 43,265,053
九州 25,169,571 45,417,954 61,839,583 51,580,792 10,258,790 132,427,108
沖縄 2,282,849 5,732,188 9,639,219 8,461,039 1,178,179 17,654,256
全国計 368,078,747 546,201,127 628,152,114 543,833,027 84,319,087 1,542,431 ,988販売額　合計（単位：千円）
令和4年10月分供給
区域特別高圧 高圧 低圧計 合計
 
 
【表７】  新電力の販売額及び割合（電圧種別／全国） 
電灯 電力
全国 31,141,214 121,832,789 172,254,689 153,824,314 18,430,375 325,228,69 2
新電力/全体 8.5% 22.3% 27.4% 28.3% 21.9% 21.1%新電力　合計（単位：千円）
高圧 低圧計
令和4年10月分合計 供給区域 特別高圧
 
 
【表８】  みなし小売電気事業者の販売額（電圧種別／全国） 
電灯 電力
全国 336,937,533 424,368,338 455,897,425 390,008,713 65,888,712 1,217,203 ,296みなし小売電気事業者　合計（単位：千円）
令和4年10月分供給区域 特別高圧 高圧 低圧計 合計
※９ みなし小売電気事業者の旧供給区域外における販売実績を含む。 
 
                       
 
 
6 
 
【表９】  旧供給区域におけるみなし小売 電気事業者の販売額（低圧）に占める自由
料金メニューの割合（全国） 
低圧電灯 低圧電力
規制料金 215,732,190 173,721,291 42,010,899
自由料金 236,647,289 214,417,657 22,229,632
合計 452,379,479 388,138,948 64,240,531
自由/合計 52.3% 55.2% 34.6%
令和4年10月分全国合計
供給種別 低圧計
販売額
（単位：千円）
※１０ 沖縄の低圧電力を除く。 
 
 
（３）契約口数について 
今月分の契約口数の実績については、表１０から表１３に示しており、各表の意義
は以下のとおりです。 
 
表１０：全小売電気事業者の契約口数の合計値（電圧種別／エリア別） 
表１１：新電力の契約口数の合計値（電圧種別／全国） 
    （ あ わ せ て 、 電 圧 種別の契約口数（全国）に占める新電力の契約口数の 
割合も記載。） 
表１２：みなし小売電気事業者の契約口数の合計値（電圧種別／全国） 表１３：旧供給区域において、みなし小売電気事業者の契約口数（低圧）に 
占める自由料金メニューの割合（全国） 
  【表１０】   全小売電気事業者の契約口数（電圧種別／エリア別） 
電灯 電力
北海道 268 37,905 3,893,292 3,685,523 207,769 3,931,465
東北 1,031 79,365 7,834,954 7,183,606 651,348 7,915,350
東京 4,016 249,317 31,115,823 29,398,977 1,716,846 31,369,156
中部 1,448 115,678 11,032,042 10,177,054 854,988 11,149,168
北陸 231 23,797 2,167,705 1,986,356 181,349 2,191,733
関西 2,174 125,462 14,238,297 13,347,881 890,416 14,365,933
中国 749 53,616 5,413,159 5,042,479 370,680 5,467,524
四国 203 31,082 2,861,656 2,593,798 267,858 2,892,941
九州 879 79,295 9,173,809 8,415,277 758,532 9,253,983
沖縄 105 5,911 880,824 835,026 45,798 886,840
全国計 11,104 801,428 88,611,561 82,665,977 5,945,584 89,424,093
令和4年10月分契約口数　合計（単位：件）
合計供給
区域特別高圧 高圧 低圧計
 
                       
 
 
7 
 
【表１１】   新電力の契約口数及び割合（電圧種別／全国） 
電灯 電力
全国 1,711 195,247 20,150,444 19,220,114 930,330 20,347,402
新電力/全体 15.4% 24.4% 22.7% 23.3% 15.7% 22.8%合計 供給区域 特別高圧 高圧 低圧計
令和4年10月分新電力　合計（単位：件）
 
 
【表１２】   みなし小売電気事業 者の契約口数（電圧種別／全国） 
電灯 電力
全国 9,393 606,181 68,461,117 63,445,863 5,015,254 69,076,691みなし小売電気事業者　合計（単位：件）
令和4年10月分合計 供給区域 特別高圧 高圧 低圧計
※１１ みなし小売電気事業者の旧供給区域外における販売実績を含む。  
 
【表１３】 旧供給区域におけるみなし小売電気事業者の契約口数（低圧）に占める  
自由料金メニューの割合（全国） 
低圧電灯 低圧電力
規制料金 46,047,281 42, 593,667 3,453,614
自由料金 22,123,909 20, 613,788 1,510,121
合計 68,171,190 63,207,455 4,963,735
自由/合計 32.5% 32.6% 30.4%
令和4年10月分全国合計
供給種別 低圧計
契約口数
（単位：件）
 
※１２ 沖縄の低圧電力を除く。 
 
 
（４）スイッチングの状況（低圧）について 
今月分のスイッチングの状況（低圧）の実績については、表１４及び表１５に示して
おり、各表の意義は以下のとおりです。  
表１４：低圧の契約のうち、みなし小売電気事業者から新電力等（域外に供給 
しているみなし小売電気事業者を含む。）への変更など、月間のスイッチ ング件数（エリア別） 
表１５：表１４について、平成２８年４月以降の数値を累積したもの（エリア別） 
 
                       
 
 
8 
 
【表１４】 小売電気事業者の月間スイッチング実績（エリア別） 
          （単位：件） 
変更内容みなし小売電気事業
者から新電力等
への変更新電力等から
みなし小売電気事業
者への変更新電力等から
新電力等への変更月間スイッチング
件数合計みなし小売電気事業
者の規制料金から自由料金への変更
北海道
4,400 4,249 3,398 12,047 1,267
東北 9,873 6,728 4,320 20,921 498
東京 43,278 30,190 40,399 113,867 5,863
中部 17,114 6,255 7,111 30,480 1,974
北陸 1,459 1,406 541 3,406 480
関西 15,704 14,344 16,913 46,961 5,608
中国 7,078 2,356 3,682 13,116 1,261
四国 3,238 1,129 1,778 6,145 1,925
九州 14,130 3,774 5,440 23,344 1,145
沖縄 1,361 431 173 1,965 2,388
合計 117,635 70,862 83,755 272,252 22,409
令和4年10月分 
 
【表１５】 小売電気事業者の累積スイッチング実績（エリア別／平成２８年４月以降） 
（単位：件） 
変更内容みなし小売電気事業
者から新電力等
への変更新電力等から
みなし小売電気事業
者への変更新電力等から
新電力等への変更スイッチング
件数合計みなし小売電気事業者
の規制料金から自由料
金への変更
北海道 874,653 119,632 118,150 1,112,435 266,491
東北 1,145,950 80,098 210,776 1,436,824 681,173
東京 9,569,000 637,813 2,244,222 12,451,035 2,512,828
中部 2,291,807 193,273 355,447 2,840,527 1,921,424
北陸 127,225 20,002 24,696 171,923 389,316
関西 3,948,650 443,057 755,012 5,146,719 1,993,033
中国 622,424 76,765 101,420 800,609 689,405
四国 392,144 40,245 72,451 504,840 374,335
九州 1,493,634 177,391 227,027 1,898,052 925,341
沖縄 100,824 8,717 3,931 113,472 168,620
合計 20,566,311 1,796,993 4,113,132 26,476,436 9,921,966
令和4年10月分 
※１３ 電力広域的運営推進機関から公表されている平成２８年４月以降の累積スイッチング件数との
数値の相違は、①電力広域的運営推進機関の情報には高圧のスイッチング件数が含まれること、②同機関へのスイッチング申請を行った後、実際にスイッチングが行われるまでに２～３週間程度のタイムラグが存在していること等による。 
 
  
 
  （本発表資料のお問い合わせ先） 
  電力・ガス取引監視等委員会事務局 
取引監視課長  池田 
担当者：安原、嶋田、守田、髙森 
電 話： 03-3501-1552（直通）  
