PDF URL: https://www.emsc.meti.go.jp/info/public/pdf/20221121001a.pdf

                       
 
 
1 
 
 
令和４年１１月２１日  
経済産業省 電力・ガス取引監視等委員会  
 
電力取引の状況（令和４年８月分） 
 
 
  当委員会は、平成２８年４月から電力取引の監視に必要な情報について、電気事
業者及び卸電力取引所より定期的に情報収集を行っており、今般、令和４年８月分の販売電力量等の実績について結果を公表します。 
 
※１ 令和４年１０月３１日時点における報告を集計。今後、事業者から修正の申請等があった場合、 
随時訂正する予定。 
※２ 電力取引報では、集計において事業者の過度の負担を避けるため、販売電力量と販売額につい
て N－１月検針日からN 月検針日前日までの実績をN月分として計上することを認めている。 
したがって、大宗の企業は検針日までの実績を報告しているため、実際のN月需要に対する実績とは一致しない。 
※３ 新電力とは、みなし小売電気事業者（旧一般電気事業者）以外の小売電気事業者を指す。 
※４ 自由料金メニューは、平成２８年３月末時点における旧選択約款に基づく電力供給実績を含む。 
※５ 規制料金メニューの販売実績については、電力調査統計から数値を記載。 ※６ 販売電力量の合計・新電力シェアについては、その他需要を含めず算出。 
※７ その他需要は、建設工事用電力と事業用電力の合計値であり、事業用電力は自社の設備及び
営業所のために供給する電力量を含む。 【主な指標】 
○全体の販売電力量       ７ ５ ２ 億k W h（対前年同月比  ２億 kWh 減） 
○新電力シェア 
販売電力量ベース   ２０．６％（対前年同月比  ２．１pt 減） 
      販売額ベース     ２３．２％（対前年同月比  ０．７pt 減）       契約口数ベース    ２２．６％（対前年同月比  ２．６pt 増） 
        
※低圧のみ      ２２．６％（対前年同月比   ２．７pt 増 ） 
 
                       
 
 
2 
 
（１）販売電力量について 
今月分の販売電力量の実績については、表１から表５に示しており、各表の意義
は以下のとおりです。 
 
表１：全小売電気事業者（新電力及びみなし小売電気事業者。以下同じ。）の 
販売電力量の合計値（電圧種別／エリア別） 
表２：表１の数値のうち、新電力の数値を抽出したもの 
（あわせて、電圧種別の販売電力量（全国）に占める新電力の販売電力量 
の割合も記載。） 
表３：表１の数値のうち、みなし小売電気事業者の数値を抽出したもの 表４：旧供給区域（みなし小売電気事業者が、平成２８年３月以前に電力供給 
していた区域。以下同じ。）において、全小売電気事業者の販売電力量 
（低圧）に占める自由料金メニューの割合 
表５：表４のうち、みなし小売電気事業者の販売電力量（低圧）に占める自由料金 
   メ ニ ュ ー の割合を抽出したもの 
 
 
【表１】  全小売電気事業者の販売電力量（電圧種別／エリア別） 
電灯 電力
北海道 263,266 1,028,242 876,617 766,507 110,110 2,168,126 3,084
東北 1,672,754 2,559,904 2,057,759 1,784,157 273,602 6,290,416 2,678
東京 6,142,570 8,831,710 9,732,779 8,612,933 1,119,846 24,707,060 6,373
中部 3,383,337 4,169,757 3,529,385 3,032,132 497,253 11,082,479 8,608
北陸 609,865 950,728 739,273 640,835 98,438 2,299,866 2,165
関西 3,606,982 4,221,022 4,760,560 4,207,940 552,620 12,588,564 44,381
中国 1,632,514 1,674,023 1,706,452 1,511,870 194,581 5,012,989 13,657
四国 434,564 979,375 991,453 848,570 142,883 2,405,393 7,179
九州 1,690,866 2,834,952 3,277,902 2,763,955 513,947 7,803,719 16,875
沖縄 130,922 282,859 390,385 341,694 48,691 804,166 634
全国計 19,567,641 27,532,571 28,062,565 24,510,594 3,551,971 75,162,778 105, 633その他需要
令和4年8月分販売電力量  合計(単位：MWh）
供給
区域特別高圧 高圧 低圧計 合計
 
 
                       
 
 
3 
 
【表２】  新電力の販売電力量及び割合（電圧種別／エリア別） 
電灯 電力
北海道 15,777 164,491 209,415 192,996 16,419 389,684 1,801
東北 56,100 432,535 366,243 324,976 41,267 854,877 1,270
東京 1,078,344 3,004,992 3,626,143 3,346,831 279,312 7,709,480 6,373
中部 63,757 775,500 839,658 750,790 88,868 1,678,915 8,210
北陸 13,002 148,758 57,530 44,356 13,174 219,290 166
関西 222,525 834,244 1,576,313 1,402,627 173,686 2,633,082 38,486
中国 44,015 315,699 239,431 194,422 45,008 599,145 1,928
四国 17,292 144,533 158,795 131,480 27,315 320,621 468
九州 25,458 311,716 604,106 511,636 92,470 941,279 8,245
沖縄 4,046 43,171 51,789 45,667 6,122 99,006 0
全国計 1,540,317 6,175,638 7,729,423 6,945,782 783,641 15,445,379 66,946
新電力/全体 7.9% 22.4% 27.5% 28.3% 22.1% 20.6% 63.4%特別高圧 高圧 低圧計 合計
令和4年8月分新電力  合計(単位：MWh）
その他需要供給
区域
 
 
【表３】  みなし小売電気事業者の販売電力量（電圧種別／エリア別） 
電灯 電力
北海道 247,489 863,751 667,202 573,511 93,691 1,778,442 1,283
東北 1,616,654 2,127,369 1,691,516 1,459,181 232,335 5,435,539 1,408
東京 5,064,226 5,826,718 6,106,636 5,266,102 840,534 16,997,580 0
中部 3,319,580 3,394,257 2,689,727 2,281,342 408,385 9,403,564 398
北陸 596,863 801,970 681,743 596,479 85,264 2,080,576 1,999
関西 3,384,457 3,386,778 3,184,247 2,805,313 378,934 9,955,482 5,895
中国 1,588,499 1,358,324 1,467,021 1,317,448 149,573 4,413,844 11,729
四国 417,272 834,842 832,658 717,090 115,568 2,084,772 6,711
九州 1,665,408 2,523,236 2,673,796 2,252,319 421,477 6,862,440 8,630
沖縄 126,876 239,688 338,596 296,027 42,569 705,160 634
全国計 18,027,324 21,356,933 20,333,142 17,564,812 2,768,330 59,717,399 38,6 87供給
区域特別高圧 高圧 低圧計
令和4年8月分みなし小売電気事業者  合計(単位：MWh）
合計 その他需要
※８ みなし小売電気事業者の旧供給区域外における販売実績を含む。 
 
                       
 
 
4 
 
【表４】  旧供給区域における販売電力量（低圧）に占め る自由料金メニューの割合 
供給区域 北海道 東北
電灯 電力 電灯 電力
399,277 326,897 72,380 972,236 784,786 187,450
477,340 439,610 37,730 1,085,523 999,371 86,152876,617 766,507 110,110 2,057,759 1,784,157 273,602
54.5% 57.4% 34.3% 52.8% 56.0% 31.5%
東京 中部 北陸
電灯 電力 電灯 電力 電灯 電力
3,496,886 2,991,016 505,870 1,009,996 875,807 134,189 228,448 187,551 4 0,897
6,235,893 5,621,917 613,976 2,519,389 2,156,325 363,064 510,825 453,28 4 57,541
9,732,779 8,612,933 1,119,846 3,529,385 3,032,132 497,253 739,273 640, 835 98,438
64.1% 65.3% 54.8% 71.4% 71.1% 73.0% 69.1% 70.7% 58.5%
関西 中国 四国
電灯 電力 電灯 電力 電灯 電力
1,535,957 1,223,994 311,963 497,798 390,337 107,461 335,722 273,873 61, 849
3,224,603 2,983,947 240,656 1,208,654 1,121,533 87,120 655,731 574,697 81,034
4,760,560 4,207,940 552,620 1,706,452 1,511,870 194,581 991,453 848,57 0 142,883
67.7% 70.9% 43.6% 70.8% 74.2% 44.8% 66.1% 67.7% 56.7%
九州 沖縄 合計
電灯 電力 電灯 電力 電灯 電力
1,216,221 891,438 324,783 183,737 183,737 - 9,876,278 8,129,436 1,746,8 42
2,061,681 1,872,517 189,164 157,957 157,957 - 18,137,596 16,381,158 1,7 56,438
3,277,902 2,763,955 513,947 341,694 341,694 - 28,013,874 24,510,594 3,5 03,280
62.9% 67.8% 36.8% 46.2% 46.2% - 64.8% 66.8% 50.1%供給種別 低圧計 低圧計
低圧計 低圧計
令和4年8月分低圧計
低圧計 低圧計 低圧計
低圧計 低圧計 低圧計販売
電力量
(単位:MWh)規制料金
自由料金
合計
自由/合計
 
 
【表５】  旧供給区域におけるみなし小売 電気事業者の販売電力量（低圧）に占める
自由料金メニューの割合 
供給区域 北海道電力 東北電力
電灯 電力 電灯 電力
399,277 326,897 72,380 972,236 784,786 187,450
267,352 246,043 21,309 718,566 673,743 44,823666,629 572,940 93,689 1,690,802 1,458,529 232,273
40.1% 42.9% 22.7% 42.5% 46.2% 19.3%
東京電力 中部電力 北陸電力
電灯 電力 電灯 電力 電灯 電力
3,496,886 2,991,016 505,870 1,009,996 875,807 134,189 228,448 187,551 4 0,897
2,550,977 2,237,439 313,538 1,669,943 1,396,451 273,492 453,069 408,74 0 44,329
6,047,863 5,228,455 819,408 2,679,939 2,272,258 407,681 681,517 596,29 1 85,226
42.2% 42.8% 38.3% 62.3% 61.5% 67.1% 66.5% 68.6% 52.0%
関西電力 中国電力 四国電力
電灯 電力 電灯 電力 電灯 電力
1,535,957 1,223,994 311,963 497,798 390,337 107,461 335,722 273,873 61, 849
1,616,685 1,557,083 59,602 964,955 923,023 41,932 494,575 441,029 53,54 6
3,152,642 2,781,077 371,565 1,462,753 1,313,360 149,393 830,297 714,90 2 115,395
51.3% 56.0% 16.0% 66.0% 70.3% 28.1% 59.6% 61.7% 46.4%
九州電力 沖縄電力 合計
電灯 電力 電灯 電力 電灯 電力
1,216,221 891,438 324,783 183,737 183,737 - 9,876,278 8,129,436 1,746,8 42
1,455,685 1,359,158 96,527 112,290 112,290 - 10,304,097 9,354,999 949,0 98
2,671,906 2,250,596 421,310 296,027 296,027 - 20,180,375 17,484,435 2,6 95,940
54.5% 60.4% 22.9% 37.9% 37.9% - 51.1% 53.5% 35.2%販売
電力量
(単位:MWh)規制料金
自由料金
合計
自由/合計
低圧計 低圧計 低圧計
低圧計 低圧計 低圧計供給種別 低圧計 低圧計
低圧計 低圧計 低圧計
令和4年8月分  
                       
 
 
5 
 
（２）販売額について 
今月分の販売額の実績については、表６から表９に示しており、各表の意義は以
下のとおりです。  
表６：全小売電気事業者の販売額の合計値（電圧種別／エリア別） 表７：新電力の販売額の合計値（電圧種別／全国） 
（あわせて、電圧種別の販売額（全国）に占める新電力の販売額の割合も 記載。） 
表８：みなし小売電気事業者の販売額の合計値（電圧種別／全国） 表９：旧供給区域において、みなし小売電気事業者の販売額（低圧）に占める 
自由料金メニューの割合（全国）  
 
 【表６】  全小売電気事業者の販売額（電圧種別／エリア別） 
電灯 電力
北海道 5,131,528 24,052,936 27,440,125 23,916,306 3,523,819 56,624,589
東北 30,318,168 59,466,786 59,506,077 50,932,542 8,573,536 149,291,031
東京 121,201,890 200,696,936 294,991,654 260,318,224 34,673,430 616,890,4 80
中部 59,506,898 87,457,669 102,021,076 87,303,806 14,717,271 248,985,644
北陸 9,440,082 18,397,879 18,391,788 15,808,142 2,583,646 46,229,749
関西 59,049,947 81,558,080 119,851,254 105,433,602 14,417,652 260,459,281
中国 29,060,766 35,991,270 47,538,144 41,885,697 5,652,446 112,590,179
四国 6,638,888 18,717,334 25,923,650 21,961,810 3,961,840 51,279,871
九州 23,744,917 47,108,045 80,224,949 67,170,451 13,054,498 151,077,911
沖縄 2,543,508 6,294,063 11,245,211 9,916,490 1,328,721 20,082,782
全国計 346,636,592 579,740,998 787,133,928 684,647,070 102,486,858 1,713,51 1,518供給
区域特別高圧 高圧 低圧計 合計販売額　合計（単位：千円）
令和4年8月分 
 
【表７】  新電力の販売額及び割合（電圧種別／全国） 
電灯 電力
全国 31,075,615 142,425,537 223,490,468 199,740,948 23,749,520 396,991,62 0
新電力/全体 9.0% 24.6% 28.4% 29.2% 23.2% 23.2%
令和4年8月分合計 供給区域 特別高圧新電力　合計（単位：千円）
高圧 低圧計
 
 
【表８】  みなし小売電気事業者の販売額（電圧種別／全国） 
電灯 電力
全国 315,560,977 437,315,461 563,643,460 484,906,122 78,737,338 1,316,519 ,898合計
令和4年8月分供給区域 特別高圧 高圧 低圧計みなし小売電気事業者　合計（単位：千円）
※９ みなし小売電気事業者の旧供給区域外における販売実績を含む。 
 
                       
 
 
6 
 
【表９】  旧供給区域におけるみなし小売 電気事業者の販売額（低圧）に占める自由
料金メニューの割合（全国） 
低圧電灯 低圧電力
規制料金 282,332,212 229,964,435 52,367,777
自由料金 277,247,611 252,743,963 24,503,648
合計 559,579,823 482,708,398 76,871,425
自由/合計 49.6% 52.4% 31.9%
令和4年8月分全国合計
供給種別 低圧計
販売額
（単位：千円）
※１０ 沖縄の低圧電力を除く。 
 
 
（３）契約口数について 
今月分の契約口数の実績については、表１０から表１３に示しており、各表の意義
は以下のとおりです。 
 
表１０：全小売電気事業者の契約口数の合計値（電圧種別／エリア別） 
表１１：新電力の契約口数の合計値（電圧種別／全国） 
    （ あ わ せ て 、 電 圧 種別の契約口数（全国）に占める新電力の契約口数の 
割合も記載。） 
表１２：みなし小売電気事業者の契約口数の合計値（電圧種別／全国） 表１３：旧供給区域において、みなし小売電気事業者の契約口数（低圧）に 
占める自由料金メニューの割合（全国） 
  【表１０】   全小売電気事業者の契約口数（電圧種別／エリア別） 
電灯 電力
北海道 268 38,399 3,866,026 3,683,015 183,011 3,904,693
東北 1,023 80,962 7,860,596 7,181,442 679,154 7,942,581
東京 4,063 254,659 31,105,582 29,332,269 1,773,313 31,364,304
中部 1,446 116,985 11,031,480 10,166,880 864,600 11,149,911
北陸 226 24,049 2,164,355 1,982,564 181,791 2,188,630
関西 2,169 127,451 14,241,645 13,339,861 901,784 14,371,265
中国 744 54,103 5,406,025 5,036,145 369,880 5,460,872
四国 199 30,180 2,870,976 2,591,582 279,394 2,901,355
九州 876 80,348 9,166,418 8,398,767 767,651 9,247,642
沖縄 103 5,905 881,915 836,006 45,909 887,923
全国計 11,117 813,041 88,595,018 82,548,531 6,046,487 89,419,176合計供給
区域特別高圧 高圧 低圧計
令和4年8月分契約口数　合計（単位：件）
 
                       
 
 
7 
 
【表１１】   新電力の契約口数及び割合（電圧種別／全国） 
電灯 電力
全国 1,785 210,597 19,979,076 19,043,784 935,292 20,191,458
新電力/全体 16.1% 25.9% 22.6% 23.1% 15.5% 22.6%
令和4年8月分新電力　合計（単位：件）
合計 供給区域 特別高圧 高圧 低圧計
 
 
【表１２】   みなし小売電気事業 者の契約口数（電圧種別／全国） 
電灯 電力
全国 9,332 602,444 68,615,942 63,504,747 5,111,195 69,227,718低圧計 供給区域 特別高圧 高圧みなし小売電気事業者　合計（単位：件）
令和4年8月分合計
※１１ みなし小売電気事業者の旧供給区域外における販売実績を含む。  
 
【表１３】 旧供給区域におけるみなし小売電気事業者の契約口数（低圧）に占める  
自由料金メニューの割合（全国） 
低圧電灯 低圧電力
規制料金 46,320,692 42, 750,561 3,570,131
自由料金 21,999,905 20, 510,649 1,489,256
合計 68,320,597 63,261,210 5,059,387
自由/合計 32.2% 32.4% 29.4%
令和4年8月分全国合計
供給種別 低圧計
契約口数
（単位：件）
 
※１２ 沖縄の低圧電力を除く。 
 
 
（４）スイッチングの状況（低圧）について 
今月分のスイッチングの状況（低圧）の実績については、表１４及び表１５に示して
おり、各表の意義は以下のとおりです。  
表１４：低圧の契約のうち、みなし小売電気事業者から新電力等（域外に供給 
しているみなし小売電気事業者を含む。）への変更など、月間のスイッチ ング件数（エリア別） 
表１５：表１４について、平成２８年４月以降の数値を累積したもの（エリア別） 
 
                       
 
 
8 
 
【表１４】 小売電気事業者の月間スイッチング実績（エリア別） 
          （単位：件） 
変更内容みなし小売電気事業
者から新電力等
への変更新電力等から
みなし小売電気事業
者への変更新電力等から
新電力等への変更月間スイッチング
件数合計みなし小売電気事業
者の規制料金から自
由料金への変更
北海道 5,655 4,398 2,331 12,384 3,380
東北 12,399 6,478 4,366 23,243 1,952
東京 53,556 13,457 39,236 106,249 12,386
中部 27,981 7,207 6,002 41,190 4,010
北陸 1,757 484 1,072 3,313 917
関西 23,386 14,865 17,998 56,249 8,748
中国 8,607 2,361 2,980 13,948 1,621
四国 4,817 995 1,905 7,717 1,974
九州 17,396 4,223 6,649 28,268 1,410
沖縄 1,522 499 308 2,329 2,785
合計 157,076 54,967 82,847 294,890 39,183
令和4年8月分 
 
【表１５】 小売電気事業者の累積スイッチング実績（エリア別／平成２８年４月以降） 
（単位：件） 
変更内容みなし小売電気事業
者から新電力等
への変更新電力等から
みなし小売電気事業
者への変更新電力等から
新電力等への変更スイッチング
件数合計みなし小売電気事業者
の規制料金から自由料金への変更
北海道 864,874 110,251 111,273 1,086,398 262,310
東北 1,123,734 70,846 201,715 1,396,295 679,561
東京 9,480,338 588,943 2,161,752 12,231,033 2,494,616
中部 2,255,235 181,698 340,972 2,777,905 1,916,612
北陸 124,014 17,904 23,669 165,587 387,943
関西 3,914,334 415,638 721,631 5,051,603 1,981,824
中国 607,636 70,360 95,214 773,210 686,622
四国 384,607 37,964 68,526 491,097 370,558
九州 1,462,108 169,394 214,938 1,846,440 923,064
沖縄 98,033 7,918 3,599 109,550 163,914
合計 20,314,913 1,670,916 3,943,289 25,929,118 9,867,024
令和4年8月分 
※１３ 電力広域的運営推進機関から公表されている平成２８年４月以降の累積スイッチング件数との
数値の相違は、①電力広域的運営推進機関の情報には高圧のスイッチング件数が含まれること、②同機関へのスイッチング申請を行った後、実際にスイッチングが行われるまでに２～３週間程度のタイムラグが存在していること等による。 
 
 
 
 
  （本発表資料のお問い合わせ先） 
  電力・ガス取引監視等委員会事務局 
取引監視課長  池田 
担当者：安原、嶋田、守田、髙森 電 話： 03-3501-1552（直通）
 
