PDF URL: https://www.emsc.meti.go.jp/info/public/pdf/20230920001a.pdf

                       
 
 
1 
 
 
令和５年９月２０日  
経済産業省 電力・ガス取引監視等委員会  
 
電力取引の状況（令和５年６月分） 
 
 
  当委員会は、平成２８年４月から電力取引の監視に必要な情報について、電気事
業者及び卸電力取引所より定期的に情報収集を行っており、今般、令和５年６月分の販売電力量等の実績について結果を公表します。 
 
※１ 令和５年９月５日時点における報告を集計。今後、事業者から修正の申請等があった場合、 
随時訂正する予定。 
※２ 電力取引報では、集計において事業者の過度の負担を避けるため、販売電力量と販売額につい
て N－１月検針日からN 月検針日前日までの実績をN月分として計上することを認めている。 
したがって、大宗の企業は検針日までの実績を報告しているため、実際のN月需要に対する実績とは一致しない。 
※３ 新電力とは、みなし小売電気事業者（旧一般電気事業者）以外の小売電気事業者を指す。 
※４ 自由料金メニューは、平成２８年３月末時点における旧選択約款に基づく電力供給実績を含む。 
※５ 規制料金メニューの販売実績については、電力調査統計から数値を記載。 ※６ 販売電力量の合計・新電力シェアについては、その他需要を含めず算出。 
※７ その他需要は、建設工事用電力と事業用電力の合計値であり、事業用電力は自社の設備及び
営業所のために供給する電力量を含む。 【主な指標】 
○全体の販売電力量       ５ ９ ３ 億k W h（対前年同月比 ２１億 kWh 減） 
○新電力シェア 
販売電力量ベース   １５．４％（対前年同月比  ４．５pt 減） 
      販売額ベース     １７．２％（対前年同月比  ５．０pt 減）       契約口数ベース    ２２．１％（対前年同月比  ０．３pt 減） 
        
※低圧のみ      ２２．１％（対前年同月比   ０．３pt 減 ） 
 
                       
 
 
2 
 
（１）販売電力量について 
今月分の販売電力量の実績については、表１から表５に示しており、各表の意義
は以下のとおりです。 
 
表１：全小売電気事業者（新電力及びみなし小売電気事業者。以下同じ。）の 
販売電力量の合計値（電圧種別／エリア別） 
表２：表１の数値のうち、新電力の数値を抽出したもの 
（あわせて、電圧種別の販売電力量（全国）に占める新電力の販売電力量 
の割合も記載。） 
表３：表１の数値のうち、みなし小売電気事業者の数値を抽出したもの 表４：旧供給区域（みなし小売電気事業者が、平成２８年３月以前に電力供給 
していた区域。以下同じ。）において、全小売電気事業者の販売電力量 
（低圧）に占める自由料金メニューの割合 
表５：表４のうち、みなし小売電気事業者の販売電力量（低圧）に占める自由料金 
   メ ニ ュ ー の割合を抽出したもの 
 
 
【表１】  全小売電気事業者の販売電力量（電圧種別／エリア別） 
電灯 電力
北海道 223,765 900,933 727,043 642,487 84,555 1,851,740 3,093
東北 1,539,646 2,283,356 1,505,302 1,306,444 198,858 5,328,303 2,005
東京 5,772,916 7,127,142 6,285,901 5,605,418 680,484 19,185,959 15,384
中部 3,405,622 3,554,061 2,314,677 2,010,486 304,191 9,274,360 7,145
北陸 583,548 848,813 527,667 462,776 64,891 1,960,028 1,534
関西 3,431,433 3,316,487 2,795,011 2,502,900 292,112 9,542,931 30,107
中国 1,445,914 1,339,871 1,131,703 1,016,128 115,575 3,917,488 13,534
四国 408,413 794,527 603,287 520,042 83,245 1,806,227 4,934
九州 1,597,846 2,194,187 2,062,894 1,761,176 301,718 5,854,927 8,646
沖縄 114,796 212,136 257,636 225,755 31,881 584,569 425
全国計 18,523,898 22,571,512 18,211,122 16,053,613 2,157,509 59,306,532 86,8 07
令和5年6月分販売電力量  合計(単位：MWh）
供給
区域特別高圧 高圧 低圧計 合計 その他需要
 
 
                       
 
 
3 
 
【表２】  新電力の販売電力量及び割合（電圧種別／エリア別） 
電灯 電力
北海道 19,568 104,759 157,369 148,285 9,083 281,695 1,419
東北 63,098 308,058 237,871 219,571 18,300 609,026 925
東京 527,246 1,872,858 2,202,860 2,062,417 140,444 4,602,964 15,384
中部 52,135 449,065 494,602 455,939 38,663 995,802 6,771
北陸 1,920 79,769 35,393 29,954 5,439 117,082 104
関西 131,749 351,790 798,674 728,921 69,754 1,282,213 25,034
中国 57,875 190,354 140,077 122,011 18,066 388,306 3,452
四国 18,172 69,895 80,127 70,728 9,399 168,194 154
九州 47,103 220,259 341,502 297,838 43,664 608,864 1,899
沖縄 4,273 25,611 35,943 32,351 3,592 65,828 0
全国計 923,138 3,672,417 4,524,419 4,168,016 356,403 9,119,974 55,142
新電力/全体 5.0% 16.3% 24.8% 26.0% 16.5% 15.4% 63.5%供給
区域
令和5年6月分新電力  合計(単位：MWh）
その他需要 特別高圧 高圧 低圧計 合計
 
 
 
【表３】  みなし小売電気事業者の販売電力量（電圧種別／エリア別） 
電灯 電力
北海道 204,197 796,174 569,674 494,202 75,472 1,570,045 1,674
東北 1,476,548 1,975,298 1,267,431 1,086,873 180,558 4,719,277 1,080
東京 5,245,670 5,254,284 4,083,041 3,543,001 540,040 14,582,995 0
中部 3,353,487 3,104,996 1,820,075 1,554,547 265,528 8,278,558 374
北陸 581,628 769,044 492,274 432,822 59,452 1,842,946 1,430
関西 3,299,684 2,964,697 1,996,337 1,773,979 222,358 8,260,718 5,073
中国 1,388,039 1,149,517 991,626 894,117 97,509 3,529,182 10,082
四国 390,241 724,632 523,160 449,314 73,846 1,638,033 4,780
九州 1,550,743 1,973,928 1,721,392 1,463,338 258,054 5,246,063 6,747
沖縄 110,523 186,525 221,693 193,404 28,289 518,741 425
全国計 17,600,760 18,899,095 13,686,703 11,885,597 1,801,106 50,186,558 31,6 65みなし小売電気事業者  合計(単位：MWh）
合計 その他需要
令和5年6月分供給
区域特別高圧 高圧 低圧計
※８ みなし小売電気事業者の旧供給区域外における販売実績を含む。 
 
                       
 
 
4 
 
【表４】  旧供給区域における販売電力量（低圧）に占め る自由料金メニューの割合 
供給区域 北海道 東北
電灯 電力 電灯 電力
328,766 273,448 55,318 720,803 579,873 140,930
398,277 369,039 29,237 784,499 726,571 57,928
727,043 642,487 84,555 1,505,302 1,306,444 198,858
54.8% 57.4% 34.6% 52.1% 55.6% 29.1%
東京 中部 北陸
電灯 電力 電灯 電力 電灯 電力
2,276,638 1,930,825 345,813 688,671 596,531 92,140 159,211 129,717 29,4 94
4,009,263 3,674,593 334,671 1,626,006 1,413,955 212,051 368,456 333,05 9 35,397
6,285,901 5,605,418 680,484 2,314,677 2,010,486 304,191 527,667 462,77 6 64,891
63.8% 65.6% 49.2% 70.3% 70.3% 69.7% 69.8% 72.0% 54.6%
関西 中国 四国
電灯 電力 電灯 電力 電灯 電力
952,971 779,143 173,828 310,271 245,954 64,317 194,674 159,895 34,779
1,842,041 1,723,756 118,284 821,432 770,174 51,258 408,613 360,147 48,4 66
2,795,011 2,502,900 292,112 1,131,703 1,016,128 115,575 603,287 520,04 2 83,245
65.9% 68.9% 40.5% 72.6% 75.8% 44.4% 67.7% 69.3% 58.2%
九州 沖縄 合計
電灯 電力 電灯 電力 電灯 電力
728,075 538,336 189,739 124,561 124,561 - 6,484,641 5,358,283 1,126,358
1,334,819 1,222,840 111,979 101,194 101,194 - 11,694,600 10,695,329 999 ,270
2,062,894 1,761,176 301,718 225,755 225,755 - 18,179,241 16,053,613 2,1 25,628
64.7% 69.4% 37.1% 44.8% 44.8% - 64.3% 66.6% 47.0%
令和5年6月分低圧計
低圧計 低圧計 低圧計
低圧計 低圧計規制料金
自由料金
合計
自由/合計供給種別 低圧計 低圧計
低圧計 低圧計
低圧計販売
電力量
(単位:MWh)
 
 
【表５】  旧供給区域におけるみなし小売 電気事業者の販売電力量（低圧）に占める
自由料金メニューの割合 
供給区域 北海道電力 東北電力
電灯 電力 電灯 電力
328,766 273,448 55,318 720,803 579,873 140,930
240,531 220,378 20,153 546,161 506,559 39,602
569,297 493,826 75,471 1,266,964 1,086,432 180,532
42.3% 44.6% 26.7% 43.1% 46.6% 21.9%
東京電力 中部電力 北陸電力
電灯 電力 電灯 電力 電灯 電力
2,276,638 1,930,825 345,813 688,671 596,531 92,140 159,211 129,717 29,4 94
1,788,508 1,596,056 192,452 1,126,387 953,353 173,034 332,937 302,999 2 9,938
4,065,146 3,526,881 538,265 1,815,058 1,549,884 265,174 492,148 432,71 6 59,432
44.0% 45.3% 35.8% 62.1% 61.5% 65.3% 67.7% 70.0% 50.4%
関西電力 中国電力 四国電力
電灯 電力 電灯 電力 電灯 電力
952,971 779,143 173,828 310,271 245,954 64,317 194,674 159,895 34,779
1,029,573 983,360 46,213 679,327 646,203 33,124 327,379 288,418 38,961
1,982,544 1,762,503 220,041 989,598 892,157 97,441 522,053 448,313 73,7 40
51.9% 55.8% 21.0% 68.7% 72.4% 34.0% 62.7% 64.3% 52.8%
九州電力 沖縄電力 合計
電灯 電力 電灯 電力 電灯 電力
728,075 538,336 189,739 124,561 124,561 - 6,484,641 5,358,283 1,126,358
992,495 924,263 68,232 68,843 68,843 - 7,132,141 6,490,432 641,709
1,720,570 1,462,599 257,971 193,404 193,404 - 13,616,782 11,848,715 1,7 68,067
57.7% 63.2% 26.5% 35.6% 35.6% - 52.4% 54.8% 36.3%
令和5年6月分低圧計 低圧計 低圧計低圧計 低圧計 低圧計供給種別 低圧計 低圧計
販売
電力量
(単位:MWh)規制料金自由料金
合計
自由/合計
低圧計 低圧計 低圧計
 
                       
 
 
5 
 
（２）販売額について 
今月分の販売額の実績については、表６から表９に示しており、各表の意義は以
下のとおりです。  
表６：全小売電気事業者の販売額の合計値（電圧種別／エリア別） 表７：新電力の販売額の合計値（電圧種別／全国） 
（あわせて、電圧種別の販売額（全国）に占める新電力の販売額の割合も 記載。） 
表８：みなし小売電気事業者の販売額の合計値（電圧種別／全国） 表９：旧供給区域において、みなし小売電気事業者の販売額（低圧）に占める 
自由料金メニューの割合（全国） 
 
【表６】  全小売電気事業者の販売額（電圧種別／エリア別） 
電灯 電力
北海道 5,672,540 24,362,496 20,833,033 18,113,038 2,719,995 50,868,069
東北 39,024,661 61,357,913 41,222,746 34,926,728 6,296,018 141,605,319
東京 126,291,730 162,231,206 174,671,922 153,270,225 21,401,698 463,194,8 59
中部 71,164,677 80,284,321 62,609,434 52,841,716 9,767,718 214,058,432
北陸 13,413,791 20,984,972 13,547,596 11,491,611 2,055,986 47,946,360
関西 67,934,314 69,715,833 61,545,790 53,166,887 8,378,903 199,195,936
中国 35,384,437 35,404,890 29,998,696 26,135,139 3,863,557 100,788,024
四国 8,332,240 17,699,886 14,306,886 11,704,242 2,602,643 40,339,012
九州 28,057,772 41,629,896 44,749,658 37,395,409 7,354,249 114,437,326
沖縄 3,079,460 4,767,795 6,855,824 5,954,017 901,806 14,703,079
全国計 398,355,621 518,439,208 470,341,587 404,999,013 65,342,573 1,387,136 ,415販売額　合計（単位：千円）
令和5年6月分供給
区域特別高圧 高圧 低圧計 合計
 
 
【表７】  新電力の販売額及び割合（電圧種別／全国） 
電灯 電力
全国 21,627,457 88,771,001 127,938,742 115,843,103 12,095,638 238,337,199
新電力/全体 5.4% 17.1% 27.2% 28.6% 18.5% 17.2%新電力　合計（単位：千円）
高圧 低圧計
令和5年6月分合計 供給区域 特別高圧
 
 
【表８】  みなし小売電気事業者の販売額（電圧種別／全国） 
電灯 電力
全国 376,728,164 429,668,207 342,402,845 289,155,910 53,246,935 1,148,799 ,216みなし小売電気事業者　合計（単位：千円）
令和5年6月分供給区域 特別高圧 高圧 低圧計 合計
※９ みなし小売電気事業者の旧供給区域外における販売実績を含む。 
                       
 
 
6 
 
【表９】  旧供給区域におけるみなし小売 電気事業者の販売額（低圧）に占める自由
料金メニューの割合（全国） 
低圧電灯 低圧電力
規制料金 164,561,028 128,998,754 35,562,274自由料金 175,995,739 159,229,212 16,766,527
合計 340,556,767 288,227,966 52,328,801
自由/合計 51.7% 55.2% 32.0%
令和5年6月分全国合計
供給種別 低圧計
販売額
（単位：千円）
※１０ 沖縄の低圧電力を除く。 
 
 
（３）契約口数について 
今月分の契約口数の実績については、表１０から表１３に示しており、各表の意義
は以下のとおりです。 
 
表１０：全小売電気事業者の契約口数の合計値（電圧種別／エリア別） 
表１１：新電力の契約口数の合計値（電圧種別／全国） 
    （ あ わ せ て 、 電 圧 種別の契約口数（全国）に占める新電力の契約口数の 
割合も記載。） 
表１２：みなし小売電気事業者の契約口数の合計値（電圧種別／全国） 表１３：旧供給区域において、みなし小売電気事業者の契約口数（低圧）に 
占める自由料金メニューの割合（全国） 
  【表１０】   全小売電気事業者の契約口数（電圧種別／エリア別） 
電灯 電力
北海道 264 38,061 3,882,374 3,678,352 204,022 3,920,699
東北 1,061 86,910 7,839,050 7,172,477 666,573 7,927,021
東京 4,249 256,064 31,260,500 29,513,877 1,746,623 31,520,813
中部 1,486 121,019 11,042,258 10,192,928 849,330 11,164,763
北陸 232 25,077 2,160,372 1,984,007 176,365 2,185,681
関西 2,228 131,212 14,271,882 13,381,033 890,849 14,405,322
中国 772 55,838 5,392,555 5,032,907 359,648 5,449,165
四国 202 31,492 2,859,504 2,587,654 271,850 2,891,198
九州 875 81,666 9,148,921 8,396,430 752,491 9,231,462
沖縄 104 5,889 885,112 839,639 45,473 891,105
全国計 11,473 833,228 88,742,528 82,779,304 5,963,224 89,587,229
令和5年6月分契約口数　合計（単位：件）
合計供給
区域特別高圧 高圧 低圧計
 
                       
 
 
7 
 
【表１１】   新電力の契約口数及び割合（電圧種別／全国） 
電灯 電力
全国 1,398 167,673 19,609,195 18,738,561 870,634 19,778,266
新電力/全体 12.2% 20.1% 22.1% 22.6% 14.6% 22.1%合計 供給区域 特別高圧 高圧 低圧計
令和5年6月分新電力　合計（単位：件）
 
 
【表１２】   みなし小売電気事業 者の契約口数（電圧種別／全国） 
電灯 電力
全国 10,075 665,555 69,133,333 64,040,743 5,092,590 69,808,963みなし小売電気事業者　合計（単位：件）
令和5年6月分合計 供給区域 特別高圧 高圧 低圧計
※１１ みなし小売電気事業者の旧供給区域外における販売実績を含む。  
 
 
【表１３】 旧供給区域におけるみなし小売電気事業者の契約口数（低圧）に占める  
自由料金メニューの割合（全国） 
低圧電灯 低圧電力
規制料金 46,820,772 43,222,804 3,597,968自由料金 22,074,696 20,626,219 1,448,477
合計 68,895,468 63,849,023 5,046,445
自由/合計 32.0% 32.3% 28.7%
令和5年6月分全国合計
供給種別 低圧計
契約口数
（単位：件）
※１２ 沖縄の低圧電力を除く。 
 
 
（４）スイッチングの状況（低圧）について 
今月分のスイッチングの状況（低圧）の実績については、表１４及び表１５に示して
おり、各表の意義は以下のとおりです。 
 
表１４：低圧の契約のうち、みなし小売電気事業者から新電力等（域外に供給 
しているみなし小売電気事業者を含む。）への変更など、月間のスイッチ ング件数（エリア別） 
表１５：表１４について、平成２８年４月以降の数値を累積したもの（エリア別） 
 
                       
 
 
8 
 
【表１４】 小売電気事業者の月間スイッチング実績（エリア別） 
          （単位：件） 
変更内容みなし小売電気事業
者から新電力等
への変更新電力等から
みなし小売電気事業
者への変更新電力等から
新電力等への変更月間スイッチング
件数合計みなし小売電気事業
者の規制料金から自
由料金への変更
北海道 2,445 12,636 1,152 16,233 2,500
東北 1,925 2,573 1,737 6,235 463
東京 19,100 68,042 24,395 111,537 2,843
中部 6,873 9,418 8,886 25,177 1,396
北陸 672 1,297 225 2,194 554
関西 6,774 12,154 6,230 25,158 1,191
中国 7,705 2,188 1,259 11,152 820
四国 924 1,256 551 2,731 1,199
九州 2,929 4,327 7,296 14,552 873
沖縄 784 360 308 1,452 843
合計 50,131 114,251 52,039 216,421 12,682
令和5年6月分 
 
 
【表１５】 小売電気事業者の累積スイッチング実績（エリア別／平成２８年４月以降） 
（単位：件） 
変更内容みなし小売電気事業
者から新電力等
への変更新電力等から
みなし小売電気事業
者への変更新電力等から
新電力等への変更スイッチング
件数合計みなし小売電気事業者
の規制料金から自由料
金への変更
北海道 893,150 166,991 139,453 1,199,594 273,331
東北 1,166,046 135,085 243,724 1,544,855 685,970
東京 9,734,206 950,711 2,499,070 13,183,987 2,538,816
中部 2,363,987 274,660 409,006 3,047,653 1,938,900
北陸 136,149 28,593 28,161 192,903 392,763
関西 4,004,938 680,439 864,241 5,549,618 2,007,610
中国 648,828 111,233 126,856 886,917 699,706
四国 400,665 65,290 84,488 550,443 384,634
九州 1,535,188 255,841 264,609 2,055,638 933,997
沖縄 114,042 14,468 6,929 135,439 176,200
合計 20,997,199 2,683,311 4,666,537 28,347,047 10,031,927
令和5年6月分 
※１３ 電力広域的運営推進機関から公表されている平成２８年４月以降の累積スイッチング件数との
数値の相違は、①電力広域的運営推進機関の情報には高圧のスイッチング件数が含まれること、②同機関へのスイッチング申請を行った後、実際にスイッチングが行われるまでに２～３週間
程度のタイムラグが存在していること等による。 
 
 
 
 
  （本発表資料のお問い合わせ先） 
  電力・ガス取引監視等委員会事務局 
取引監視課長  下津 
担当者：安原、野崎、野村、髙森 
電 話： 03-3501-1552（直通）  
