PDF URL: https://www.emsc.meti.go.jp/info/public/pdf/20230720001a.pdf

                       
 
 
1 
 
 
令和５年７月２０日  
経済産業省 電力・ガス取引監視等委員会  
 
電力取引の状況（令和５年４月分） 
 
 
  当委員会は、平成２８年４月から電力取引の監視に必要な情報について、電気事
業者及び卸電力取引所より定期的に情報収集を行っており、今般、令和５年４月分の販売電力量等の実績について結果を公表します。 
 
※１ 令和５年７月５日時点における報告を集計。今後、事業者から修正の申請等があった場合、 
随時訂正する予定。 
※２ 電力取引報では、集計において事業者の過度の負担を避けるため、販売電力量と販売額につい
て N－１月検針日からN 月検針日前日までの実績をN月分として計上することを認めている。 
したがって、大宗の企業は検針日までの実績を報告しているため、実際のN月需要に対する実績とは一致しない。 
※３ 新電力とは、みなし小売電気事業者（旧一般電気事業者）以外の小売電気事業者を指す。 
※４ 自由料金メニューは、平成２８年３月末時点における旧選択約款に基づく電力供給実績を含む。 
※５ 規制料金メニューの販売実績については、電力調査統計から数値を記載。 ※６ 販売電力量の合計・新電力シェアについては、その他需要を含めず算出。 
※７ その他需要は、建設工事用電力と事業用電力の合計値であり、事業用電力は自社の設備及び
営業所のために供給する電力量を含む。 【主な指標】 
○全体の販売電力量       ５ ９ ６ 億k W h（対前年同月比 ５９億 kWh 減） 
○新電力シェア 
販売電力量ベース   １６．０％（対前年同月比  ３．９pt 減） 
      販売額ベース     １８．１％（対前年同月比  ４．０pt 減）       契約口数ベース    ２２．４％（対前年同月比  ０．５pt 増） 
        
※低圧のみ      ２２．５％（対前年同月比   ０．６pt 増 ） 
 
                       
 
 
2 
 
（１）販売電力量について 
今月分の販売電力量の実績については、表１から表５に示しており、各表の意義
は以下のとおりです。 
 
表１：全小売電気事業者（新電力及びみなし小売電気事業者。以下同じ。）の 
販売電力量の合計値（電圧種別／エリア別） 
表２：表１の数値のうち、新電力の数値を抽出したもの 
（あわせて、電圧種別の販売電力量（全国）に占める新電力の販売電力量 
の割合も記載。） 
表３：表１の数値のうち、みなし小売電気事業者の数値を抽出したもの 表４：旧供給区域（みなし小売電気事業者が、平成２８年３月以前に電力供給 
していた区域。以下同じ。）において、全小売電気事業者の販売電力量 
（低圧）に占める自由料金メニューの割合 
表５：表４のうち、みなし小売電気事業者の販売電力量（低圧）に占める自由料金 
   メ ニ ュ ー の割合を抽出したもの 
 
 
【表１】  全小売電気事業者の販売電力量（電圧種別／エリア別） 
電灯 電力
北海道 231,358 887,180 1,045,537 889,545 155,992 2,164,074 3,783
東北 1,435,909 2,150,035 2,150,808 1,927,798 223,009 5,736,752 2,166
東京 5,193,702 6,395,008 7,082,347 6,456,682 625,664 18,671,057 12,604
中部 3,022,366 3,208,018 2,893,982 2,554,796 339,186 9,124,366 5,769
北陸 546,474 754,058 687,582 621,005 66,577 1,988,114 1,757
関西 2,904,588 3,084,929 3,726,006 3,398,988 327,019 9,715,524 29,787
中国 1,380,877 1,221,995 1,460,250 1,335,009 125,240 4,063,122 12,471
四国 378,273 687,241 733,600 645,122 88,479 1,799,114 4,142
九州 1,504,172 2,012,337 2,337,257 2,046,574 290,683 5,853,766 8,888
沖縄 98,097 179,561 224,946 200,318 24,628 502,603 395
全国計 16,695,815 20,580,362 22,342,314 20,075,837 2,266,478 59,618,491 81,7 63その他需要
令和5年4月分販売電力量  合計(単位：MWh）
供給
区域特別高圧 高圧 低圧計 合計
 
 
                       
 
 
3 
 
【表２】  新電力の販売電力量及び割合（電圧種別／エリア別） 
電灯 電力
北海道 18,738 95,996 204,586 193,092 11,494 319,319 1,912
東北 54,338 275,845 322,613 296,436 26,176 652,796 1,011
東京 517,327 1,760,529 2,464,590 2,327,421 137,168 4,742,446 12,604
中部 39,620 409,154 578,283 534,219 44,064 1,027,057 5,305
北陸 1,353 73,707 40,261 34,835 5,426 115,321 90
関西 116,414 347,319 1,026,824 952,908 73,917 1,490,558 25,147
中国 46,799 171,286 167,972 146,669 21,302 386,057 3,187
四国 15,188 60,030 88,920 80,071 8,850 164,138 206
九州 27,249 175,486 353,226 317,438 35,788 555,961 3,208
沖縄 3,107 21,691 29,602 26,993 2,609 54,399 0
全国計 840,132 3,391,043 5,276,876 4,910,082 366,795 9,508,051 52,671
新電力/全体 5.0% 16.5% 23.6% 24.5% 16.2% 16.0% 64.4%特別高圧 高圧 低圧計 合計
令和5年4月分新電力  合計(単位：MWh）
その他需要供給
区域
 
 
【表３】  みなし小売電気事業者の販売電力量（電圧種別／エリア別） 
電灯 電力
北海道 212,620 791,184 840,951 696,453 144,498 1,844,755 1,871
東北 1,381,571 1,874,190 1,828,195 1,631,362 196,833 5,083,956 1,155
東京 4,676,375 4,634,479 4,617,757 4,129,261 488,496 13,928,611 0
中部 2,982,746 2,798,864 2,315,699 2,020,577 295,122 8,097,309 464
北陸 545,121 680,351 647,321 586,170 61,151 1,872,793 1,667
関西 2,788,174 2,737,610 2,699,182 2,446,080 253,102 8,224,966 4,640
中国 1,334,078 1,050,709 1,292,278 1,188,340 103,938 3,677,065 9,284
四国 363,085 627,211 644,680 565,051 79,629 1,634,976 3,936
九州 1,476,923 1,836,851 1,984,031 1,729,136 254,895 5,297,805 5,680
沖縄 94,990 157,870 195,344 173,325 22,019 448,204 395
全国計 15,855,683 17,189,319 17,065,438 15,165,755 1,899,683 50,110,440 29,0 92供給
区域特別高圧 高圧 低圧計
令和5年4月分みなし小売電気事業者  合計(単位：MWh）
合計 その他需要
※８ みなし小売電気事業者の旧供給区域外における販売実績を含む。 
 
                       
 
 
4 
 
【表４】  旧供給区域における販売電力量（低圧）に占め る自由料金メニューの割合 
供給区域 北海道 東北
電灯 電力 電灯 電力
418,436 358,984 59,452 941,778 799,930 141,848
627,101 530,561 96,540 1,209,030 1,127,868 81,161
1,045,537 889,545 155,992 2,150,808 1,927,798 223,009
60.0% 59.6% 61.9% 56.2% 58.5% 36.4%
東京 中部 北陸
電灯 電力 電灯 電力 電灯 電力
2,469,858 2,183,921 285,937 825,663 737,011 88,652 187,077 158,205 28,8 72
4,612,489 4,272,761 339,727 2,068,319 1,817,785 250,534 500,505 462,80 0 37,705
7,082,347 6,456,682 625,664 2,893,982 2,554,796 339,186 687,582 621,00 5 66,577
65.1% 66.2% 54.3% 71.5% 71.2% 73.9% 72.8% 74.5% 56.6%
関西 中国 四国
電灯 電力 電灯 電力 電灯 電力
1,196,370 1,009,270 187,100 373,811 308,326 65,485 224,661 189,768 34,8 93
2,529,637 2,389,718 139,919 1,086,439 1,026,683 59,755 508,939 455,354 53,586
3,726,006 3,398,988 327,019 1,460,250 1,335,009 125,240 733,600 645,12 2 88,479
67.9% 70.3% 42.8% 74.4% 76.9% 47.7% 69.4% 70.6% 60.6%
九州 沖縄 合計
電灯 電力 電灯 電力 電灯 電力
767,361 600,535 166,826 108,176 108,176 - 7,513,191 6,454,126 1,059,065
1,569,896 1,446,039 123,857 92,142 92,142 - 14,804,495 13,621,711 1,182 ,785
2,337,257 2,046,574 290,683 200,318 200,318 - 22,317,686 20,075,837 2,2 41,850
67.2% 70.7% 42.6% 46.0% 46.0% - 66.3% 67.9% 52.8%合計
自由/合計供給種別 低圧計 低圧計
低圧計 低圧計
低圧計販売
電力量
(単位:MWh)
令和5年4月分低圧計
低圧計 低圧計 低圧計
低圧計 低圧計規制料金
自由料金
 
 
【表５】  旧供給区域におけるみなし小売 電気事業者の販売電力量（低圧）に占める
自由料金メニューの割合 
供給区域 北海道電力 東北電力
電灯 電力 電灯 電力
418,436 358,984 59,452 941,778 799,930 141,848
422,000 336,958 85,042 885,771 830,820 54,951
840,436 695,942 144,494 1,827,549 1,630,750 196,799
50.2% 48.4% 58.9% 48.5% 51.0% 27.9%
東京電力 中部電力 北陸電力
電灯 電力 電灯 電力 電灯 電力
2,469,858 2,183,921 285,937 825,663 737,011 88,652 187,077 158,205 28,8 72
2,126,939 1,926,083 200,856 1,483,148 1,277,117 206,031 460,097 427,83 6 32,261
4,596,797 4,110,004 486,793 2,308,811 2,014,128 294,683 647,174 586,04 1 61,133
46.3% 46.9% 41.3% 64.2% 63.4% 69.9% 71.1% 73.0% 52.8%
関西電力 中国電力 四国電力
電灯 電力 電灯 電力 電灯 電力
1,196,370 1,009,270 187,100 373,811 308,326 65,485 224,661 189,768 34,8 93
1,483,181 1,421,295 61,886 915,692 877,297 38,395 418,582 373,941 44,64 1
2,679,551 2,430,565 248,986 1,289,503 1,185,623 103,880 643,243 563,70 9 79,534
55.4% 58.5% 24.9% 71.0% 74.0% 37.0% 65.1% 66.3% 56.1%
九州電力 沖縄電力 合計
電灯 電力 電灯 電力 電灯 電力
767,361 600,535 166,826 108,176 108,176 - 7,513,191 6,454,126 1,059,065
1,215,692 1,127,694 87,998 65,149 65,149 - 9,476,251 8,664,190 812,061
1,983,053 1,728,229 254,824 173,325 173,325 - 16,989,442 15,118,316 1,8 71,126
61.3% 65.3% 34.5% 37.6% 37.6% - 55.8% 57.3% 43.4%低圧計 低圧計 低圧計供給種別 低圧計 低圧計
販売
電力量
(単位:MWh)規制料金自由料金
合計
自由/合計
低圧計 低圧計 低圧計
低圧計 低圧計 低圧計
令和5年4月分 
                       
 
 
5 
 
（２）販売額について 
今月分の販売額の実績については、表６から表９に示しており、各表の意義は以
下のとおりです。  
表６：全小売電気事業者の販売額の合計値（電圧種別／エリア別） 表７：新電力の販売額の合計値（電圧種別／全国） 
（あわせて、電圧種別の販売額（全国）に占める新電力の販売額の割合も 記載。） 
表８：みなし小売電気事業者の販売額の合計値（電圧種別／全国） 表９：旧供給区域において、みなし小売電気事業者の販売額（低圧）に占める 
自由料金メニューの割合（全国） 
 
【表６】  全小売電気事業者の販売額（電圧種別／エリア別） 
電灯 電力
北海道 6,590,916 26,848,495 27,103,414 23,038,947 4,064,467 60,542,825
東北 38,981,544 60,376,563 54,833,841 48,272,461 6,561,380 154,191,948
東京 128,348,936 161,596,390 196,485,785 175,544,995 20,940,791 486,431,1 11
中部 77,965,871 79,939,856 78,721,327 67,932,804 10,788,522 236,627,054
北陸 13,434,786 20,490,653 14,917,037 12,993,621 1,923,415 48,842,476
関西 62,314,472 68,335,976 82,245,567 73,434,835 8,810,732 212,896,015
中国 37,426,092 32,888,205 37,651,840 33,749,319 3,902,521 107,966,137
四国 8,257,504 16,673,235 15,801,679 13,291,727 2,509,952 40,732,418
九州 27,924,146 39,316,562 49,776,820 42,390,638 7,386,182 117,017,528
沖縄 2,824,193 3,766,330 5,582,499 4,847,967 734,532 12,173,022
全国計 404,068,460 510,232,265 563,119,808 495,497,313 67,622,494 1,477,420 ,533供給
区域特別高圧 高圧 低圧計 合計販売額　合計（単位：千円）
令和5年4月分 
 
【表７】  新電力の販売額及び割合（電圧種別／全国） 
電灯 電力
全国 21,582,867 92,481,221 153,914,444 140,520,257 13,394,186 267,978,532
新電力/全体 5.3% 18.1% 27.3% 28.4% 19.8% 18.1%
令和5年4月分合計 供給区域 特別高圧新電力　合計（単位：千円）
高圧 低圧計
 
 
【表８】  みなし小売電気事業者の販売額（電圧種別／全国） 
電灯 電力
全国 382,485,593 417,751,044 409,205,364 354,977,056 54,228,308 1,209,442 ,001合計
令和5年4月分供給区域 特別高圧 高圧 低圧計みなし小売電気事業者　合計（単位：千円）
※９ みなし小売電気事業者の旧供給区域外における販売実績を含む。 
                       
 
 
6 
 
【表９】  旧供給区域におけるみなし小売 電気事業者の販売額（低圧）に占める自由
料金メニューの割合（全国） 
低圧電灯 低圧電力
規制料金 175,501,658 142,647,326 32,854,332自由料金 231,639,928 211,073,150 20,566,778
合計 407,141,586 353,720,476 53,421,110
自由/合計 56.9% 59.7% 38.5%
令和5年4月分全国合計
供給種別 低圧計
販売額
（単位：千円）
※１０ 沖縄の低圧電力を除く。 
 
 
（３）契約口数について 
今月分の契約口数の実績については、表１０から表１３に示しており、各表の意義
は以下のとおりです。 
 
表１０：全小売電気事業者の契約口数の合計値（電圧種別／エリア別） 
表１１：新電力の契約口数の合計値（電圧種別／全国） 
    （ あ わ せ て 、 電 圧 種別の契約口数（全国）に占める新電力の契約口数の 
割合も記載。） 
表１２：みなし小売電気事業者の契約口数の合計値（電圧種別／全国） 表１３：旧供給区域において、みなし小売電気事業者の契約口数（低圧）に 
占める自由料金メニューの割合（全国） 
  【表１０】   全小売電気事業者の契約口数（電圧種別／エリア別） 
電灯 電力
北海道 266 38,507 4,007,302 3,695,872 311,430 4,046,075
東北 1,053 84,655 7,839,905 7,185,956 653,949 7,925,613
東京 4,233 251,969 31,375,958 29,643,476 1,732,482 31,632,160
中部 1,482 115,258 11,066,673 10,217,358 849,315 11,183,413
北陸 231 24,924 2,165,234 1,987,161 178,073 2,190,389
関西 2,216 126,214 14,297,629 13,410,997 886,632 14,426,059
中国 768 52,402 5,405,577 5,047,871 357,706 5,458,747
四国 208 31,481 2,859,878 2,594,382 265,496 2,891,567
九州 882 79,000 9,174,713 8,432,479 742,234 9,254,595
沖縄 106 5,887 884,295 838,920 45,375 890,288
全国計 11,445 810,297 89,077,164 83,054,472 6,022,692 89,898,906合計供給
区域特別高圧 高圧 低圧計
令和5年4月分契約口数　合計（単位：件）
 
                       
 
 
7 
 
【表１１】   新電力の契約口数及び割合（電圧種別／全国） 
電灯 電力
全国 1,417 171,345 20,000,830 19,098,347 902,483 20,173,592
新電力/全体 12.4% 21.2% 22.5% 23.0% 15.0% 22.4%
令和5年4月分新電力　合計（単位：件）
合計 供給区域 特別高圧 高圧 低圧計
 
 
【表１２】   みなし小売電気事業 者の契約口数（電圧種別／全国） 
電灯 電力
全国 10,028 638,952 69,076,334 63,956,125 5,120,209 69,725,314低圧計 供給区域 特別高圧 高圧みなし小売電気事業者　合計（単位：件）
令和5年4月分合計
※１１ みなし小売電気事業者の旧供給区域外における販売実績を含む。  
 
 
【表１３】 旧供給区域におけるみなし小売電気事業者の契約口数（低圧）に占める  
自由料金メニューの割合（全国） 
低圧電灯 低圧電力
規制料金 46,602,346 43,103,513 3,498,833自由料金 22,227,552 20,652,627 1,574,925
合計 68,829,898 63,756,140 5,073,758
自由/合計 32.3% 32.4% 31.0%
令和5年4月分全国合計
供給種別 低圧計
契約口数
（単位：件）
※１２ 沖縄の低圧電力を除く。 
 
 
（４）スイッチングの状況（低圧）について 
今月分のスイッチングの状況（低圧）の実績については、表１４及び表１５に示して
おり、各表の意義は以下のとおりです。 
 
表１４：低圧の契約のうち、みなし小売電気事業者から新電力等（域外に供給 
しているみなし小売電気事業者を含む。）への変更など、月間のスイッチ ング件数（エリア別） 
表１５：表１４について、平成２８年４月以降の数値を累積したもの（エリア別） 
 
                       
 
 
8 
 
【表１４】 小売電気事業者の月間スイッチング実績（エリア別） 
          （単位：件） 
変更内容みなし小売電気事業
者から新電力等
への変更新電力等から
みなし小売電気事業
者への変更新電力等から
新電力等への変更月間スイッチング
件数合計みなし小売電気事業
者の規制料金から自
由料金への変更
北海道 2,383 2,658 3,103 8,144 636
東北 2,116 13,648 7,947 23,711 983
東京 31,179 49,724 31,019 111,922 3,231
中部 6,211 6,851 4,651 17,713 2,007
北陸 418 626 1,142 2,186 462
関西 7,310 30,665 22,507 60,482 1,467
中国 2,209 5,186 1,762 9,157 1,254
四国 872 2,068 2,597 5,537 1,170
九州 7,372 10,371 3,424 21,167 1,185
沖縄 1,366 618 272 2,256 1,143
合計 61,436 122,415 78,424 262,275 13,538
令和5年4月分 
 
 
【表１５】 小売電気事業者の累積スイッチング実績（エリア別／平成２８年４月以降） 
（単位：件） 
変更内容みなし小売電気事業
者から新電力等
への変更新電力等から
みなし小売電気事業
者への変更新電力等から
新電力等への変更スイッチング
件数合計みなし小売電気事業者
の規制料金から自由料
金への変更
北海道 887,811 146,143 136,719 1,170,673 270,347
東北 1,162,345 129,471 238,238 1,530,054 684,712
東京 9,699,331 850,505 2,444,576 12,994,412 2,533,440
中部 2,350,149 238,865 386,862 2,975,876 1,935,801
北陸 129,169 26,080 27,613 182,862 391,834
関西 3,991,712 653,791 848,707 5,494,210 2,005,024
中国 638,807 101,309 121,515 861,631 697,891
四国 399,196 62,084 83,336 544,616 382,677
九州 1,528,230 242,677 248,187 2,019,094 932,074
沖縄 111,817 13,357 6,191 131,365 174,756
合計 20,898,567 2,464,282 4,541,944 27,904,793 10,008,556
令和5年4月分 
※１３ 電力広域的運営推進機関から公表されている平成２８年４月以降の累積スイッチング件数との
数値の相違は、①電力広域的運営推進機関の情報には高圧のスイッチング件数が含まれること、②同機関へのスイッチング申請を行った後、実際にスイッチングが行われるまでに２～３週間
程度のタイムラグが存在していること等による。 
 
 
 
 
  （本発表資料のお問い合わせ先） 
  電力・ガス取引監視等委員会事務局 
取引監視課長  下津 
担当者：安原、野崎、野村、髙森 電 話： 03-3501-1552（直通）
 
