PDF URL: https://www.emsc.meti.go.jp/info/public/pdf/20240222001a.pdf

                       
 
 
1 
 
 
令和６年２月２２日  
経済産業省 電力・ガ ス 取引監視等委員会  
 
電力取引の状況（令和５年１１月分） 
 
 
  当委員会は、平成２８年４月から電力取引の監視に必要な情報について、電気事
業者及び卸電力取引所より定期的に情報収集を 行っており、今般、令和５年１１月分
の販売電力量等の実績について結果を公表します。 
 
※１ 令和６年２月６日時点における報告を集計（集計にあたり、小数点（ただし、パーセント表示につ
いては小数点第２位）を四捨五入した。）。今後、事業者から修正の申請等があった場合、随時訂正する予定。 
※２ 電力取引報では、集計において事業者の過度の負担を避けるため、販売電力量と販売額につい
て N－１月検針日からN 月検針日前日までの実績をN月分として計上することを認めている。 
したがって、大宗の企業は検針日までの実績を報告しているため、実際のN月需要に対する実績とは一致しない。 
※３ 新電力とは、みなし小売電気事業者（旧一般電気事業者）以外の小売電気事業者を指す。 
※４ 自由料金メニューは、平成２８年３月末時点における旧選択約款に基づく電力供給実績を含む。 
※５ 規制料金メニューの販売実績については、電力調査統計から数値を記載。 
※６ 販売電力量の合計・新電力シェアについては、その他需要を含めず算出。 
※７ その他需要は、建設工事用電力と事業用電力の合計値であり、事業用電力は自社の設備及び
営業所のために供給する電力量を含む。 【主な指標】 
○全体の販売電力量       ５ ９ ０ 億k W h（対前年同月比 ３億 kWh 減） 
○新電力シェア 
販売電力量ベース   １６．０％（対前年同月比  ２．０pt 減） 
      販売額ベース     １８．９％（対前年同月比  ２．１pt 減）       契約口数ベース    ２２．０％（対前年同月比  ０．７pt 減） 
        
※低圧のみ      ２２．０％（対前年同月比   ０．６pt 減 ） 
 
                       
 
 
2 
 
（１）販売電力量について 
今月分の販売電力量の実績については、表１から表５に示しており、各表の意義
は以下のとおりです。 
 
表１：全小売電気事業者（新電力及びみなし小売電気事業者。以下同じ。）の 
販売電力量の合計値（電圧種別／エリア別） 
表２：表１の数値のうち、新電力の数値を抽出したもの 
（あわせて、電圧種別の販売電力量（全国）に占める新電力の販売電力量 
の割合も記載。） 
表３：表１の数値のうち、みなし小売電気事業者の数値を抽出したもの 表４：旧供給区域（みなし小売電気事業者が、平成２８年３月以前に電力供給 
していた区域。以下同じ。）において、全小売電気事業者の販売電力量 
（低圧）に占める自由料金メニューの割合 
表５：表４のうち、みなし小売電気事業者の販売電力量（低圧）に占める自由料金 
   メ ニ ュ ー の割合を抽出したもの 
 
 
【表１】  全小売電気事業者の販売電力量（電圧種別／エリア別） 
電灯 電力
北海道 241,936 996,336 901,188 796,069 105,119 2,139,460 3,680
東北 1,495,514 2,230,646 1,861,553 1,671,811 189,742 5,587,713 2,410
東京 5,409,456 6,750,044 6,444,582 5,854,855 589,727 18,604,082 11,762
中部 3,250,422 3,447,976 2,557,502 2,261,268 296,234 9,255,900 5,870
北陸 544,002 802,880 602,985 543,663 59,321 1,949,866 1,664
関西 3,034,997 3,189,215 3,213,006 2,917,864 295,143 9,437,219 27,088
中国 1,368,893 1,312,069 1,258,797 1,146,729 112,068 3,939,759 11,876
四国 393,658 727,428 649,372 569,186 80,186 1,770,458 4,481
九州 1,534,271 2,125,044 2,129,920 1,859,630 270,290 5,789,235 7,495
沖縄 104,471 226,160 229,859 201,470 28,389 560,490 435
全国計 17,377,621 21,807,797 19,848,764 17,822,545 2,026,219 59,034,183 76,7 62その他需要
令和5年11月分販売電力量  合計(単位：MWh）
供給
区域特別高圧 高圧 低圧計 合計
 
 
                       
 
 
3 
 
【表２】  新電力の販売電力量及び割合（電圧種別／エリア別） 
電灯 電力
北海道 20,842 137,287 191,056 180,782 10,274 349,185 1,774
東北 87,654 334,379 292,805 272,699 20,106 714,838 1,303
東京 550,854 1,906,272 2,229,367 2,101,192 128,175 4,686,493 11,762
中部 41,944 436,962 534,368 500,637 33,731 1,013,274 5,413
北陸 1,558 79,143 40,276 34,983 5,292 120,976 101
関西 107,867 322,237 892,900 827,294 65,607 1,323,005 22,452
中国 56,098 193,190 149,958 135,478 14,480 399,246 3,294
四国 14,763 65,417 84,895 76,388 8,507 165,075 98
九州 78,319 220,971 338,166 303,393 34,773 637,456 1,520
沖縄 3,453 22,004 31,727 28,642 3,085 57,184 0
全国計 963,353 3,717,861 4,785,518 4,461,488 324,030 9,466,733 47,718
新電力/全体 5.5% 17.1% 24.1% 25.0% 16.0% 16.0% 62.2%特別高圧 高圧 低圧計 合計
令和5年11月分新電力  合計(単位：MWh）
その他需要供給
区域
 
 
 
【表３】  みなし小売電気事業者の販売電力量（電圧種別／エリア別） 
電灯 電力
北海道 221,094 859,049 710,132 615,287 94,845 1,790,275 1,906
東北 1,407,860 1,896,267 1,568,748 1,399,112 169,636 4,872,875 1,107
東京 4,858,602 4,843,772 4,215,215 3,753,663 461,552 13,917,589 0
中部 3,208,478 3,011,014 2,023,134 1,760,631 262,503 8,242,626 457
北陸 542,444 723,737 562,709 508,680 54,029 1,828,890 1,563
関西 2,927,130 2,866,978 2,320,106 2,090,570 229,536 8,114,214 4,636
中国 1,312,795 1,118,879 1,108,839 1,011,251 97,588 3,540,513 8,582
四国 378,895 662,011 564,477 492,798 71,679 1,605,383 4,383
九州 1,455,952 1,904,073 1,791,754 1,556,237 235,517 5,151,779 5,975
沖縄 101,018 204,156 198,132 172,828 25,304 503,306 435
全国計 16,414,268 18,089,936 15,063,246 13,361,057 1,702,189 49,567,450 29,0 44供給
区域特別高圧 高圧 低圧計
令和5年11月分みなし小売電気事業者  合計(単位：MWh）
合計 その他需要
※８ みなし小売電気事業者の旧供給区域外における販売実績を含む。 
 
                       
 
 
4 
 
【表４】  旧供給区域における販売電力量（低圧）に占め る自由料金メニューの割合 
供給区域 北海道 東北
電灯 電力 電灯 電力
378,964 325,527 53,437 850,691 725,519 125,172
522,224 470,542 51,682 1,010,862 946,292 64,570
901,188 796,069 105,119 1,861,553 1,671,811 189,742
58.0% 59.1% 49.2% 54.3% 56.6% 34.0%
東京 中部 北陸
電灯 電力 電灯 電力 電灯 電力
2,303,909 2,025,305 278,604 754,710 666,259 88,451 170,558 145,653 24,9 05
4,140,673 3,829,550 311,123 1,802,792 1,595,009 207,783 432,427 398,01 0 34,416
6,444,582 5,854,855 589,727 2,557,502 2,261,268 296,234 602,985 543,66 3 59,321
64.3% 65.4% 52.8% 70.5% 70.5% 70.1% 71.7% 73.2% 58.0%
関西 中国 四国
電灯 電力 電灯 電力 電灯 電力
1,093,126 915,680 177,446 327,517 266,671 60,846 202,524 170,510 32,014
2,119,880 2,002,184 117,696 931,280 880,058 51,222 446,848 398,676 48,1 72
3,213,006 2,917,864 295,143 1,258,797 1,146,729 112,068 649,372 569,18 6 80,186
66.0% 68.6% 39.9% 74.0% 76.8% 45.7% 68.8% 70.0% 60.1%
九州 沖縄 合計
電灯 電力 電灯 電力 電灯 電力
734,776 566,800 167,976 108,797 108,797 - 6,925,572 5,916,721 1,008,851
1,395,144 1,292,830 102,314 92,673 92,673 - 12,894,804 11,905,825 988,9 79
2,129,920 1,859,630 270,290 201,470 201,470 - 19,820,376 17,822,545 1,9 97,830
65.5% 69.5% 37.9% 46.0% 46.0% - 65.1% 66.8% 49.5%規制料金
自由料金
合計
自由/合計供給種別 低圧計 低圧計
低圧計 低圧計
低圧計販売
電力量
(単位:MWh)
令和5年11月分低圧計
低圧計 低圧計 低圧計
低圧計 低圧計
 
 
【表５】  旧供給区域におけるみなし小売 電気事業者の販売電力量（低圧）に占める
自由料金メニューの割合 
 
供給区域 北海道電力 東北電力
電灯 電力 電灯 電力
378,964 325,527 53,437 850,691 725,519 125,172330,717 289,310 41,407 717,502 673,065 44,437
709,681 614,837 94,844 1,568,193 1,398,584 169,609
46.6% 47.1% 43.7% 45.8% 48.1% 26.2%
東京電力 中部電力 北陸電力
電灯 電力 電灯 電力 電灯 電力
2,303,909 2,025,305 278,604 754,710 666,259 88,451 170,558 145,653 24,9 05
1,893,782 1,712,344 181,438 1,263,013 1,089,280 173,733 392,028 362,92 2 29,106
4,197,691 3,737,649 460,042 2,017,723 1,755,539 262,184 562,586 508,57 5 54,011
45.1% 45.8% 39.4% 62.6% 62.1% 66.3% 69.7% 71.4% 53.9%
関西電力 中国電力 四国電力
電灯 電力 電灯 電力 電灯 電力
1,093,126 915,680 177,446 327,517 266,671 60,846 202,524 170,510 32,014
1,213,746 1,163,662 50,084 779,430 742,752 36,678 360,930 321,367 39,56 3
2,306,872 2,079,342 227,530 1,106,947 1,009,423 97,524 563,454 491,877 71,577
52.6% 56.0% 22.0% 70.4% 73.6% 37.6% 64.1% 65.3% 55.3%
九州電力 沖縄電力 合計
電灯 電力 電灯 電力 電灯 電力
734,776 566,800 167,976 108,797 108,797 - 6,925,572 5,916,721 1,008,851
1,056,200 988,736 67,464 64,031 64,031 - 8,071,379 7,407,469 663,910
1,790,976 1,555,536 235,440 172,828 172,828 - 14,996,951 13,324,190 1,6 72,761
59.0% 63.6% 28.7% 37.1% 37.1% - 53.8% 55.6% 39.7%低圧計 低圧計 低圧計供給種別 低圧計 低圧計
低圧計 低圧計 低圧計販売
電力量
(単位:MWh)規制料金自由料金
合計
自由/合計
低圧計 低圧計 低圧計
令和5年11月分
                       
 
 
5 
 
（２）販売額について 
今月分の販売額の実績については、表６から表９に示しており、各表の意義は以
下のとおりです。  
表６：全小売電気事業者の販売額の合計値（電圧種別／エリア別） 表７：新電力の販売額の合計値（電圧種別／全国） 
（あわせて、電圧種別の販売額（全国）に占める新電力の販売額の割合も 記載。） 
表８：みなし小売電気事業者の販売額の合計値（電圧種別／全国） 表９：旧供給区域において、みなし小売電気事業者の販売額（低圧）に占める 
自由料金メニューの割合（全国）  
 
【表６】  全小売電気事業者の販売額（電圧種別／エリア別） 
電灯 電力
北海道 5,163,556 24,174,029 27,885,364 24,223,560 3,661,804 57,222,949
東北 33,598,525 57,830,637 51,812,308 45,115,320 6,696,989 143,241,469
東京 105,027,263 148,638,568 182,893,403 162,297,196 20,596,207 436,559,2 34
中部 54,277,223 69,444,083 66,559,385 57,079,768 9,479,617 190,280,691
北陸 10,932,910 19,077,692 15,820,133 13,621,609 2,198,524 45,830,735
関西 51,399,192 63,452,964 75,033,766 65,982,252 9,051,515 189,885,922
中国 27,174,148 30,832,836 32,388,559 28,476,536 3,912,023 90,395,543
四国 6,824,208 15,456,251 16,436,927 13,692,602 2,744,325 38,717,385
九州 23,246,596 39,316,278 48,837,758 41,129,617 7,708,141 111,400,632
沖縄 2,319,808 4,976,023 6,181,695 5,303,179 878,515 13,477,526
全国計 319,963,427 473,199,361 523,849,297 456,921,638 66,927,660 1,317,012 ,086供給
区域特別高圧 高圧 低圧計 合計販売額　合計（単位：千円）
令和5年11月分 
 
【表７】  新電力の販売額及び割合（電圧種別／全国） 
電灯 電力
全国 20,512,207 88,679,944 139,389,651 127,324,423 12,065,229 248,581,803
新電力/全体 6.4% 18.7% 26.6% 27.9% 18.0% 18.9%
令和5年11月分合計 供給区域 特別高圧新電力　合計（単位：千円）
高圧 低圧計
 
 
【表８】  みなし小売電気事業者の販売額（電圧種別／全国） 
電灯 電力
全国 299,451,220 384,519,417 384,459,646 329,597,215 54,862,431 1,068,430 ,283合計
令和5年11月分供給区域 特別高圧 高圧 低圧計みなし小売電気事業者　合計（単位：千円）
※９ みなし小売電気事業者の旧供給区域外における販売実績を含む。 
                       
 
 
6 
 
【表９】  旧供給区域におけるみなし小売 電気事業者の販売額（低圧）に占める自由
料金メニューの割合（全国） 
低圧電灯 低圧電力
規制料金 188,620,145 152,204,014 36,416,131
自由料金 193,977,792 176,416,131 17,561,661
合計 382,597,937 328,620,145 53,977,792
自由/合計 50.7% 53.7% 32.5%
令和5年11月分全国合計
供給種別 低圧計
販売額
（単位：千円）
※１０ 沖縄の低圧電力を除く。 
 
 
（３）契約口数について 
今月分の契約口数の実績については、表１０から表１３に示しており、各表の意義
は以下のとおりです。 
 
表１０：全小売電気事業者の契約口数の合計値（電圧種別／エリア別） 表１１：新電力の契約口数の合計値（電圧種別／全国） 
    （ あ わ せ て 、 電 圧 種別の契約口数（全国）に占める新電力の契約口数の 
割合も記載。） 
表１２：みなし小売電気事業者の契約口数の合計値（電圧種別／全国） 表１３：旧供給区域において、みなし小売電気事業者の契約口数（低圧）に 
占める自由料金メニューの割合（全国） 
  
【表１０】   全小売電気事業者の契約口数（電圧種別／エリア別） 
電灯 電力
北海道 283 39,701 3,968,642 3,682,525 286,117 4,008,626
東北 1,058 87,140 7,814,878 7,171,809 643,069 7,903,076
東京 4,254 259,735 31,254,656 29,572,601 1,682,055 31,518,645
中部 1,493 122,379 11,047,820 10,216,096 831,724 11,171,692
北陸 232 25,256 2,163,409 1,986,157 177,252 2,188,897
関西 2,223 132,268 14,299,560 13,424,133 875,427 14,434,051
中国 771 56,907 5,384,595 5,034,152 350,443 5,442,273
四国 203 31,558 2,844,955 2,587,453 257,502 2,876,716
九州 897 82,808 9,145,300 8,409,502 735,798 9,229,005
沖縄 104 5,903 887,007 841,691 45,316 893,014
全国計 11,518 843,655 88,810,822 82,926,119 5,884,703 89,665,995合計供給
区域特別高圧 高圧 低圧計
令和5年11月分契約口数　合計（単位：件）
 
                       
 
 
7 
 
【表１１】   新電力の契約口数及び割合（電圧種別／全国） 
電灯 電力
全国 1,498 177,994 19,575,831 18,714,266 861,565 19,755,323
新電力/全体 13.0% 21.1% 22.0% 22.6% 14.6% 22.0%
令和5年11月分新電力　合計（単位：件）
合計 供給区域 特別高圧 高圧 低圧計
 
 
 
【表１２】   みなし小売電気事業 者の契約口数（電圧種別／全国） 
電灯 電力
全国 10,020 665,661 69,234,991 64,211,853 5,023,138 69,910,672低圧計 供給区域 特別高圧 高圧みなし小売電気事業者　合計（単位：件）
令和5年11月分合計
※１１ みなし小売電気事業者の旧供給区域外における販売実績を含む。  
 
 
【表１３】 旧供給区域におけるみなし小売電気事業者の契約口数（低圧）に占める  
自由料金メニューの割合（全国） 
低圧電灯 低圧電力
規制料金 46,464,967 43,020,444 3,444,523
自由料金 22,542,779 21,009,344 1,533,435
合計 69,007,746 64,029,788 4,977,958
自由/合計 32.7% 32.8% 30.8%
令和5年11月分全国合計
供給種別 低圧計
契約口数
（単位：件）
※１２ 沖縄の低圧電力を除く。 
 
 
（４）スイッチングの状況（低圧）について 
今月分のスイッチングの状況（低圧）の実績については、表１４及び表１５に示して
おり、各表の意義は以下のとおりです。  
表１４：低圧の契約のうち、みなし小売電気事業者から新電力等（域外に供給 
しているみなし小売電気事業者を含む。）への変更など、月間のスイッチ ング件数（エリア別） 
表１５：表１４について、平成２８年４月以降の数値を累積したもの（エリア別） 
 
                       
 
 
8 
 
【表１４】 小売電気事業者の月間スイッチング実績（エリア別） 
          （単位：件） 
変更内容みなし小売電気事業
者から新電力等
への変更新電力等から
みなし小売電気事業
者への変更新電力等から
新電力等への変更月間スイッチング
件数合計みなし小売電気事業
者の規制料金から自由料金への変更
北海道
2,734 1,965 1,232 5,931 2,361
東北 4,452 1,244 1,716 7,412 2,505
東京 16,906 9,971 28,101 54,978 4,712
中部 8,765 3,854 5,087 17,706 5,880
北陸 890 155 260 1,305 1,042
関西 5,767 11,280 5,195 22,242 2,205
中国 3,235 1,052 1,664 5,951 1,787
四国 1,333 432 620 2,385 1,055
九州 3,610 2,443 2,418 8,471 869
沖縄 556 372 163 1,091 2,447
合計 48,248 32,768 46,456 127,472 24,863
令和5年11月分 
 
 
【表１５】 小売電気事業者の累積スイッチング実績（エリア別／平成２８年４月以降） 
（単位：件） 
変更内容みなし小売電気事業
者から新電力等
への変更新電力等から
みなし小売電気事業
者への変更新電力等から
新電力等への変更スイッチング
件数合計みなし小売電気事業者
の規制料金から自由料
金への変更
北海道 906,864 176,621 193,203 1,276,688 285,605
東北 1,182,332 143,915 286,567 1,612,814 698,008
東京 9,825,492 1,009,932 2,700,083 13,535,507 2,562,672
中部 2,401,755 308,179 435,782 3,145,716 1,952,429
北陸 140,764 29,393 30,378 200,535 402,371
関西 4,035,872 739,971 934,185 5,710,028 2,015,712
中国 664,344 119,089 136,262 919,695 712,777
四国 407,616 69,295 97,263 574,174 390,546
九州 1,551,044 269,863 280,469 2,101,376 938,092
沖縄 117,860 16,239 7,801 141,900 189,215
合計 21,233,943 2,882,497 5,101,993 29,218,433 10,147,427
令和5年11月分 
※１３ 電力広域的運営推進機関から公表されている平成２８年４月以降の累積スイッチング件数との
数値の相違は、①電力広域的運営推進機関の情報には高圧のスイッチング件数が含まれるこ
と、②同機関へのスイッチング申請を行った後、実際にスイッチングが行われるまでに２～３週間程度のタイムラグが存在していること等による。 
 
  
 
  （本発表資料のお問い合わせ先） 
  電力・ガス取引監視等委員会事務局 
取引監視課長  下津 
担当者：安原、野崎、野村、髙森 電 話： 03-3501-1552（直通）
 
