PDF URL: https://www.emsc.meti.go.jp/info/public/pdf/20240717001a.pdf

                       
 
 
1 
 
 
令和６年７月１７日  
経済産業省 電力・ガス取引監視等委員会  
 
電力取引の状況（令和６年４月分） 
 
 
  当委員会は、平成２８年４月から電力取引の監視に必要な情報について、電気事
業者及び卸電力取引所より定期的に情報収集を行っており、今般、令和６年４月分の販売電力量等の実績について結果を公表します。 
 
※１ 令和６年７月１０日時点における報告を集計（集計にあたり、小数点（ただし、パーセント表示につ
いては小数点第２位）を四捨五入した。）。今後、事業者から修正の申請等があった場合、随時訂正する予定。 
※２ 電力取引報では、集計において事業者の過度の負担を避けるため、販売電力量と販売額につい
て N－１月検針日からN 月検針日前日までの実績をN月分として計上することを認めている。 
したがって、大宗の企業は検針日までの実績を報告しているため、実際のN月需要に対する実績とは一致しない。 
※３ 新電力とは、みなし小売電気事業者（旧一般電気事業者）以外の小売電気事業者を指す。 
※４ 自由料金メニューは、平成２８年３月末時点における旧選択約款に基づく電力供給実績を含む。 
※５ 規制料金メニューの販売実績については、電力調査統計から数値を記載。 
※６ 販売電力量の合計・新電力シェアについては、その他需要を含めず算出。 
※７ その他需要は、建設工事用電力と事業用電力の合計値であり、事業用電力は自社の設備及び
営業所のために供給する電力量を含む。 【主な指標】 
○全体の販売電力量       ６ ２ ６ 億k W h（対前年同月比 ３０億 kWh 増） 
○新電力シェア 
販売電力量ベース   １７．５％（対前年同月比  １．５pt 増） 
      販売額ベース     １９．５％（対前年同月比  １．４pt 増）       契約口数ベース    ２２．２％（対前年同月比  ０．２pt 減） 
        
※低圧のみ      ２２．２％（対前年同月比   ０．３pt 減 ） 
 
                       
 
 
2 
 
（１）販売電力量について 
今月分の販売電力量の実績については、表１から表５に示しており、各表の意義
は以下のとおりです。 
 
表１：全小売電気事業者（新電力及びみなし小売電気事業者。以下同じ。）の 
販売電力量の合計値（電圧種別／エリア別） 
表２：表１の数値のうち、新電力の数値を抽出したもの 
（あわせて、電圧種別の販売電力量（全国）に占める新電力の販売電力量 
の割合も記載。） 
表３：表１の数値のうち、みなし小売電気事業者の数値を抽出したもの 表４：旧供給区域（みなし小売電気事業者が、平成２８年３月以前に電力供給 
していた区域。以下同じ。）において、全小売電気事業者の販売電力量 
（低圧）に占める自由料金メニューの割合 
表５：表４のうち、みなし小売電気事業者の販売電力量（低圧）に占める自由料金 
   メ ニ ュ ー の割合を抽出したもの 
 
 
【表１】  全小売電気事業者の販売電力量（電圧種別／エリア別） 
電灯 電力
北海道 223,844 906,599 1,074,439 894,417 180,022 2,204,882 3,673
東北 1,443,672 2,182,855 2,247,308 2,013,806 233,502 5,873,835 283,045
東京 5,372,753 6,873,207 8,001,581 7,309,066 692,516 20,247,541 575,659
中部 3,126,731 3,442,535 3,068,695 2,713,794 354,901 9,637,961 215,060
北陸 546,328 736,436 750,844 680,000 70,843 2,033,608 2,102
関西 2,874,095 3,310,730 3,773,360 3,443,162 330,198 9,958,186 37,363
中国 1,420,692 1,338,442 1,497,084 1,371,915 125,169 4,256,218 179,443
四国 384,126 686,777 767,020 677,007 90,013 1,837,923 469
九州 1,565,631 2,131,372 2,376,917 2,084,768 292,149 6,073,919 43,821
沖縄 107,007 182,031 213,501 190,350 23,151 502,539 355
全国計 17,064,880 21,790,983 23,770,748 21,378,284 2,392,464 62,626,610 1,34 0,991
令和6年4月分販売電力量  合計(単位：MWh）
供給
区域特別高圧 高圧 低圧計 合計 その他需要
 
 
                       
 
 
3 
 
【表２】  新電力の販売電力量及び割合（電圧種別／エリア別） 
電灯 電力
北海道 23,805 139,855 203,761 191,882 11,879 367,421 1,936
東北 123,140 393,352 320,471 295,118 25,353 836,963 281,845
東京 833,594 1,975,210 2,707,445 2,552,554 154,892 5,516,249 575,659
中部 75,819 433,297 579,235 538,755 40,480 1,088,351 214,522
北陸 12,575 95,532 46,698 39,975 6,722 154,805 89
関西 153,954 374,252 976,797 905,497 71,300 1,505,004 32,842
中国 163,730 232,366 172,182 154,879 17,303 568,278 170,057
四国 13,083 73,456 93,833 84,000 9,833 180,372 469
九州 105,044 251,178 335,626 300,204 35,422 691,847 38,095
沖縄 2,886 24,304 28,301 26,033 2,268 55,491 0
全国計 1,507,631 3,992,801 5,464,348 5,088,896 375,452 10,964,779 1,315,515
新電力/全体 8.8% 18.3% 23.0% 23.8% 15.7% 17.5% 98.1%供給
区域
令和6年4月分新電力  合計(単位：MWh）
その他需要 特別高圧 高圧 低圧計 合計
 
 
【表３】  みなし小売電気事業者の販売電力量（電圧種別／エリア別） 
電灯 電力
北海道 200,039 766,744 870,678 702,535 168,143 1,837,461 1,737
東北 1,320,532 1,789,503 1,926,837 1,718,688 208,149 5,036,872 1,200
東京 4,539,159 4,897,997 5,294,136 4,756,512 537,624 14,731,292 0
中部 3,050,912 3,009,238 2,489,460 2,175,039 314,421 8,549,610 538
北陸 533,753 640,904 704,146 640,025 64,121 1,878,803 2,013
関西 2,720,141 2,936,478 2,796,563 2,537,665 258,898 8,453,182 4,521
中国 1,256,962 1,106,076 1,324,902 1,217,036 107,866 3,687,940 9,386
四国 371,043 613,321 673,187 593,007 80,180 1,657,551 0
九州 1,460,587 1,880,194 2,041,291 1,784,564 256,727 5,382,072 5,726
沖縄 104,121 157,727 185,200 164,317 20,883 447,048 355
全国計 15,557,249 17,798,182 18,306,400 16,289,388 2,017,012 51,661,831 25,4 76みなし小売電気事業者  合計(単位：MWh）
合計 その他需要
令和6年4月分供給
区域特別高圧 高圧 低圧計
※８ みなし小売電気事業者の旧供給区域外における販売実績を含む。 
 
                       
 
 
4 
 
【表４】  旧供給区域における販売電力量（低圧）に占め る自由料金メニューの割合 
供給区域 北海道 東北
電灯 電力 電灯 電力
400,288 341,932 58,356 952,941 805,344 147,597674,151 552,485 121,666 1,294,367 1,208,462 85,905
1,074,439 894,417 180,022 2,247,308 2,013,806 233,502
62.7% 61.8% 67.6% 57.6% 60.0% 36.8%
東京 中部 北陸
電灯 電力 電灯 電力 電灯 電力
2,717,342 2,393,226 324,116 890,038 785,865 104,173 190,753 161,262 29, 491
5,284,239 4,915,840 368,400 2,178,657 1,927,929 250,728 560,091 518,73 8 41,352
8,001,581 7,309,066 692,516 3,068,695 2,713,794 354,901 750,844 680,00 0 70,843
66.0% 67.3% 53.2% 71.0% 71.0% 70.7% 74.6% 76.3% 58.4%
関西 中国 四国
電灯 電力 電灯 電力 電灯 電力
1,279,163 1,078,591 200,572 364,967 298,082 66,885 229,311 193,693 35,6 18
2,494,197 2,364,571 129,626 1,132,117 1,073,833 58,284 537,709 483,314 54,395
3,773,360 3,443,162 330,198 1,497,084 1,371,915 125,169 767,020 677,00 7 90,013
66.1% 68.7% 39.3% 75.6% 78.3% 46.6% 70.1% 71.4% 60.4%
九州 沖縄 合計
電灯 電力 電灯 電力 電灯 電力
805,533 632,677 172,856 98,071 98,071 - 7,928,407 6,788,743 1,139,664
1,571,384 1,452,091 119,293 92,279 92,279 - 15,819,190 14,589,541 1,229 ,648
2,376,917 2,084,768 292,149 190,350 190,350 - 23,747,597 21,378,284 2,3 69,312
66.1% 69.7% 40.8% 48.5% 48.5% - 66.6% 68.2% 51.9%
令和6年4月分低圧計
低圧計 低圧計 低圧計
低圧計 低圧計規制料金
自由料金
合計
自由/合計供給種別 低圧計 低圧計
低圧計 低圧計
低圧計販売
電力量
(単位:MWh)
 
 
 
【表５】  旧供給区域におけるみなし小売 電気事業者の販売電力量（低圧）に占める
自由料金メニューの割合 
供給区域 北海道電力 東北電力
電灯 電力 電灯 電力
400,288 341,932 58,356 952,941 805,344 147,597
469,941 360,157 109,784 973,185 912,670 60,515
870,229 702,089 168,140 1,926,126 1,718,014 208,112
54.0% 51.3% 65.3% 50.5% 53.1% 29.1%
東京電力 中部電力 北陸電力
電灯 電力 電灯 電力 電灯 電力
2,717,342 2,393,226 324,116 890,038 785,865 104,173 190,753 161,262 29, 491
2,553,025 2,341,260 211,765 1,593,715 1,383,802 209,913 513,268 478,64 9 34,619
5,270,367 4,734,486 535,881 2,483,753 2,169,667 314,086 704,021 639,91 1 64,110
48.4% 49.5% 39.5% 64.2% 63.8% 66.8% 72.9% 74.8% 54.0%
関西電力 中国電力 四国電力
電灯 電力 電灯 電力 電灯 電力
1,279,163 1,078,591 200,572 364,967 298,082 66,885 229,311 193,693 35,6 18
1,502,223 1,445,960 56,263 957,321 916,390 40,931 442,581 398,034 44,54 7
2,781,386 2,524,551 256,835 1,322,288 1,214,472 107,816 671,892 591,72 7 80,165
54.0% 57.3% 21.9% 72.4% 75.5% 38.0% 65.9% 67.3% 55.6%
九州電力 沖縄電力 合計
電灯 電力 電灯 電力 電灯 電力
805,533 632,677 172,856 98,071 98,071 - 7,928,407 6,788,743 1,139,664
1,235,006 1,151,198 83,808 66,246 66,246 - 10,306,511 9,454,366 852,145
2,040,539 1,783,875 256,664 164,317 164,317 - 18,234,918 16,243,109 1,9 91,809
60.5% 64.5% 32.7% 40.3% 40.3% - 56.5% 58.2% 42.8%
令和6年4月分低圧計 低圧計 低圧計低圧計 低圧計 低圧計販売
電力量
(単位:MWh)規制料金自由料金
合計
自由/合計
低圧計 低圧計 低圧計供給種別 低圧計 低圧計
 
                       
 
 
5 
 
（２）販売額について 
今月分の販売額の実績については、表６から表９に示しており、各表の意義は以
下のとおりです。  
表６：全小売電気事業者の販売額の合計値（電圧種別／エリア別） 表７：新電力の販売額の合計値（電圧種別／全国） 
（あわせて、電圧種別の販売額（全国）に占める新電力の販売額の割合も 記載。） 
表８：みなし小売電気事業者の販売額の合計値（電圧種別／全国） 表９：旧供給区域において、みなし小売電気事業者の販売額（低圧）に占める 
自由料金メニューの割合（全国） 
 
【表６】  全小売電気事業者の販売額（電圧種別／エリア別） 
電灯 電力
北海道 4,990,484 22,530,823 31,266,422 26,335,557 4,930,865 58,787,728
東北 30,651,834 55,200,038 59,912,446 52,610,593 7,301,853 145,764,318
東京 103,486,889 146,176,357 219,232,367 196,997,216 22,235,152 468,895,6 14
中部 56,131,015 71,152,797 79,873,736 69,269,247 10,604,489 207,157,547
北陸 10,694,212 17,345,926 17,991,000 15,752,474 2,238,526 46,031,138
関西 49,289,495 65,215,811 86,245,509 76,726,234 9,519,275 200,750,816
中国 26,420,841 29,945,549 36,891,485 32,904,794 3,986,692 93,257,875
四国 6,698,000 14,623,387 18,302,788 15,456,905 2,845,883 39,624,175
九州 23,108,470 38,807,205 52,514,044 44,656,806 7,857,238 114,429,718
沖縄 2,337,329 4,174,178 5,663,965 4,878,431 785,535 12,175,472
全国計 313,808,570 465,172,070 607,893,762 535,588,255 72,305,507 1,386,874 ,402販売額　合計（単位：千円）
令和6年4月分供給
区域特別高圧 高圧 低圧計 合計
 
 
【表７】  新電力の販売額及び割合（電圧種別／全国） 
電灯 電力
全国 29,083,950 88,693,820 152,440,450 139,607,316 12,833,134 270,218,220
新電力/全体 9.3% 19.1% 25.1% 26.1% 17.8% 19.5%新電力　合計（単位：千円）
高圧 低圧計
令和6年4月分合計 供給区域 特別高圧
 
 
【表８】  みなし小売電気事業者の販売額（電圧種別／全国） 
電灯 電力
全国 284,724,620 376,478,250 455,453,312 395,980,939 59,472,373 1,116,656 ,182みなし小売電気事業者　合計（単位：千円）
令和6年4月分供給区域 特別高圧 高圧 低圧計 合計
※９ みなし小売電気事業者の旧供給区域外における販売実績を含む。 
                       
 
 
6 
 
【表９】  旧供給区域におけるみなし小売 電気事業者の販売額（低圧）に占める自由
料金メニューの割合（全国） 
低圧電灯 低圧電力
規制料金 213,465,943 175,371,891 38,094,052
自由料金 239,961,312 219,390,299 20,571,013
合計 453,427,255 394,762,190 58,665,065
自由/合計 52.9% 55.6% 35.1%
令和6年4月分全国合計
供給種別 低圧計
販売額
（単位：千円）
※１０ 沖縄の低圧電力を除く。 
 
 
（３）契約口数について 
今月分の契約口数の実績については、表１０から表１３に示しており、各表の意義
は以下のとおりです。 
 
表１０：全小売電気事業者の契約口数の合計値（電圧種別／エリア別） 表１１：新電力の契約口数の合計値（電圧種別／全国） 
    （ あ わ せ て 、 電 圧 種別の契約口数（全国）に占める新電力の契約口数の 
割合も記載。） 
表１２：みなし小売電気事業者の契約口数の合計値（電圧種別／全国） 表１３：旧供給区域において、みなし小売電気事業者の契約口数（低圧）に 
占める自由料金メニューの割合（全国） 
  
【表１０】   全小売電気事業者の契約口数（電圧種別／エリア別） 
電灯 電力
北海道 289 39,484 4,000,997 3,691,444 309,553 4,040,770
東北 1,065 85,557 7,829,627 7,188,068 641,559 7,916,249
東京 4,311 263,369 31,426,964 29,731,767 1,695,197 31,694,644
中部 1,525 120,724 11,069,735 10,240,782 828,953 11,191,984
北陸 234 25,044 2,163,921 1,993,405 170,516 2,189,199
関西 2,167 127,204 14,318,486 13,447,241 871,245 14,447,857
中国 775 55,853 5,382,345 5,036,617 345,728 5,438,973
四国 205 31,437 2,847,361 2,589,722 257,639 2,879,003
九州 918 82,703 9,148,144 8,423,217 724,927 9,231,765
沖縄 107 5,971 889,344 844,389 44,955 895,422
全国計 11,596 837,346 89,076,924 83,186,652 5,890,272 89,925,866
令和6年4月分契約口数　合計（単位：件）
合計供給
区域特別高圧 高圧 低圧計
 
                       
 
 
7 
 
【表１１】   新電力の契約口数及び割合（電圧種別／全国） 
電灯 電力
全国 1,876 188,932 19,802,450 18,940,743 861,707 19,993,258
新電力/全体 16.2% 22.6% 22.2% 22.8% 14.6% 22.2%合計 供給区域 特別高圧 高圧 低圧計
令和6年4月分新電力　合計（単位：件）
 
 
【表１２】   みなし小売電気事業 者の契約口数（電圧種別／全国） 
電灯 電力
全国 9,720 648,414 69,274,474 64,245,909 5,028,565 69,932,608みなし小売電気事業者　合計（単位：件）
令和6年4月分合計 供給区域 特別高圧 高圧 低圧計
※１１ みなし小売電気事業者の旧供給区域外における販売実績を含む。  
 
 
【表１３】 旧供給区域におけるみなし小売電気事業者の契約口数（低圧）に占める  
自由料金メニューの割合（全国） 
低圧電灯 低圧電力
規制料金 46,000,304 42,552,962 3,447,342
自由料金 23,049,674 21,512,883 1,536,791
合計 69,049,978 64,065,845 4,984,133
自由/合計 33.4% 33.6% 30.8%
令和6年4月分全国合計
供給種別 低圧計
契約口数
（単位：件）
※１２ 沖縄の低圧電力を除く。 
 
 
（４）スイッチングの状況（低圧）について 
今月分のスイッチングの状況（低圧）の実績については、表１４及び表１５に示して
おり、各表の意義は以下のとおりです。 
 
表１４：低圧の契約のうち、みなし小売電気事業者から新電力等（域外に供給 
しているみなし小売電気事業者を含む。）への変更など、月間のスイッチ ング件数（エリア別） 
表１５：表１４について、平成２８年４月以降の数値を累積したもの（エリア別） 
 
                       
 
 
8 
 
【表１４】 小売電気事業者の月間スイッチング実績（エリア別） 
          （単位：件） 
変更内容みなし小売電気事業
者から新電力等
への変更新電力等から
みなし小売電気事業
者への変更新電力等から
新電力等への変更月間スイッチング
件数合計みなし小売電気事業
者の規制料金から自由料金への変更
北海道
5,667 1,933 1,957 9,557 2,178
東北 7,602 1,661 19,601 28,864 19,500
東京 25,837 11,900 27,277 65,014 10,721
中部 10,214 3,503 26,196 39,913 2,208
北陸 1,695 175 879 2,749 3,513
関西 9,338 16,772 8,958 35,068 3,011
中国 3,736 1,281 8,578 13,595 1,789
四国 6,021 569 1,014 7,604 1,338
九州 4,745 2,594 3,306 10,645 1,123
沖縄 198 486 17 701 3,182
合計 75,053 40,874 97,783 213,710 48,563
令和6年4月分 
 
 
【表１５】 小売電気事業者の累積スイッチング実績（エリア別／平成２８年４月以降） 
（単位：件） 
変更内容みなし小売電気事業
者から新電力等
への変更新電力等から
みなし小売電気事業
者への変更新電力等から
新電力等への変更スイッチング
件数合計みなし小売電気事業者
の規制料金から自由料
金への変更
北海道 926,511 186,216 200,046 1,312,773 296,882
東北 1,210,535 151,383 316,412 1,678,330 755,611
東京 9,920,782 1,063,058 2,967,552 13,951,392 2,594,043
中部 2,448,137 324,205 482,664 3,255,006 1,987,935
北陸 146,174 30,161 32,789 209,124 416,697
関西 4,070,201 822,152 984,455 5,876,808 2,028,213
中国 681,622 124,581 150,545 956,748 721,766
四国 418,146 71,699 101,888 591,733 398,093
九州 1,570,036 280,481 294,114 2,144,631 942,907
沖縄 119,902 18,188 8,076 146,166 203,751
合計 21,512,046 3,072,124 5,538,541 30,122,711 10,345,898
令和6年4月分 
※１３ 電力広域的運営推進機関から公表されている平成２８年４月以降の累積スイッチング件数との
数値の相違は、①電力広域的運営推進機関の情報には高圧のスイッチング件数が含まれるこ
と、②同機関へのスイッチング申請を行った後、実際にスイッチングが行われるまでに２～３週間程度のタイムラグが存在していること等による。 
 
  
 
  （本発表資料のお問い合わせ先） 
  電力・ガス取引監視等委員会事務局 
取引監視課長  下津 
担当者：小松、野崎、津金、髙森 電 話： 03-3501-1552（直通）
 
