PDF URL: https://www.emsc.meti.go.jp/info/public/pdf/20240315002a.pdf

                       
 
 
1 
 
 
令和６年３月１５日  
経済産業省 電力・ガス取引監視等委員会  
 
電力取引の状況（令和５年１２月分） 
 
 
  当委員会は、平成２８年４月から電力取引の監視に必要な情報について、電気事
業者及び卸電力取引所より定期的に情報収集を 行っており、今般、令和５年１２月分
の販売電力量等の実績について結果を公表します。 
 
※１ 令和６年３月１日時点における報告を集計（集計にあたり、小数点（ただし、パーセント表示につ
いては小数点第２位）を四捨五入した。）。今後、事業者から修正の申請等があった場合、随時訂正する予定。 
※２ 電力取引報では、集計において事業者の過度の負担を避けるため、販売電力量と販売額につい
て N－１月検針日からN 月検針日前日までの実績をN月分として計上することを認めている。 
したがって、大宗の企業は検針日までの実績を報告しているため、実際のN月需要に対する実績とは一致しない。 
※３ 新電力とは、みなし小売電気事業者（旧一般電気事業者）以外の小売電気事業者を指す。 
※４ 自由料金メニューは、平成２８年３月末時点における旧選択約款に基づく電力供給実績を含む。 
※５ 規制料金メニューの販売実績については、電力調査統計から数値を記載。 
※６ 販売電力量の合計・新電力シェアについては、その他需要を含めず算出。 
※７ その他需要は、建設工事用電力と事業用電力の合計値であり、事業用電力は自社の設備及び
営業所のために供給する電力量を含む。 【主な指標】 
○全体の販売電力量       ６ ５ ４ 億k W h（対前年同月比 ２億 kWh 増） 
○新電力シェア 
販売電力量ベース   １７．０％（対前年同月比  １．７pt 減） 
      販売額ベース     １９．８％（対前年同月比  ２．０pt 減）       契約口数ベース    ２２．０％（対前年同月比  ０．６pt 減） 
        
※低圧のみ      ２２．０％（対前年同月比   ０．６pt 減 ） 
 
                       
 
 
2 
 
（１）販売電力量について 
今月分の販売電力量の実績については、表１から表５に示しており、各表の意義
は以下のとおりです。 
 
表１：全小売電気事業者（新電力及びみなし小売電気事業者。以下同じ。）の 
販売電力量の合計値（電圧種別／エリア別） 
表２：表１の数値のうち、新電力の数値を抽出したもの 
（あわせて、電圧種別の販売電力量（全国）に占める新電力の販売電力量 
の割合も記載。） 
表３：表１の数値のうち、みなし小売電気事業者の数値を抽出したもの 表４：旧供給区域（みなし小売電気事業者が、平成２８年３月以前に電力供給 
していた区域。以下同じ。）において、全小売電気事業者の販売電力量 
（低圧）に占める自由料金メニューの割合 
表５：表４のうち、みなし小売電気事業者の販売電力量（低圧）に占める自由料金 
   メ ニ ュ ー の割合を抽出したもの 
 
 
【表１】  全小売電気事業者の販売電力量（電圧種別／エリア別） 
電灯 電力
北海道 250,078 1,180,577 1,102,972 918,185 184,787 2,533,627 5,745
東北 1,537,698 2,499,627 2,402,507 2,163,326 239,181 6,439,832 3,149
東京 5,422,331 7,110,085 8,068,409 7,392,726 675,683 20,600,825 12,286
中部 3,124,129 3,535,027 3,196,162 2,849,787 346,375 9,855,318 6,196
北陸 557,623 881,864 802,734 727,400 75,334 2,242,221 1,756
関西 3,129,770 3,313,329 4,001,663 3,663,393 338,271 10,444,762 24,607
中国 1,401,933 1,383,791 1,611,422 1,480,741 130,681 4,397,145 12,753
四国 375,522 793,732 831,584 738,721 92,863 2,000,838 4,665
九州 1,527,272 2,143,919 2,752,202 2,436,185 316,017 6,423,392 7,958
沖縄 95,683 189,292 205,523 183,183 22,341 490,498 373
全国計 17,422,038 23,031,242 24,975,178 22,553,645 2,421,532 65,428,458 79,4 88その他需要
令和5年12月分販売電力量  合計(単位：MWh）
供給
区域特別高圧 高圧 低圧計 合計
 
 
                       
 
 
3 
 
【表２】  新電力の販売電力量及び割合（電圧種別／エリア別） 
電灯 電力
北海道 21,013 156,340 212,667 200,202 12,465 390,020 2,490
東北 69,749 403,016 374,315 346,415 27,900 847,080 1,912
東京 563,367 2,059,661 2,812,793 2,660,302 152,491 5,435,821 12,286
中部 41,277 480,744 688,415 642,800 45,615 1,210,436 5,748
北陸 2,717 87,490 52,535 44,917 7,618 142,742 132
関西 106,912 355,244 1,117,138 1,040,797 76,342 1,579,294 19,448
中国 76,506 233,224 189,318 169,803 19,515 499,047 3,898
四国 12,973 73,902 109,884 99,123 10,761 196,759 126
九州 54,721 251,912 445,146 400,897 44,249 751,778 1,634
沖縄 2,969 20,708 27,652 25,549 2,104 51,329 0
全国計 952,203 4,122,240 6,029,863 5,630,803 399,059 11,104,306 47,674
新電力/全体 5.5% 17.9% 24.1% 25.0% 16.5% 17.0% 60.0%特別高圧 高圧 低圧計 合計
令和5年12月分新電力  合計(単位：MWh）
その他需要供給
区域
 
 
 
【表３】  みなし小売電気事業者の販売電力量（電圧種別／エリア別） 
電灯 電力
北海道 229,065 1,024,237 890,305 717,983 172,322 2,143,607 3,255
東北 1,467,949 2,096,611 2,028,192 1,816,911 211,281 5,592,752 1,237
東京 4,858,964 5,050,424 5,255,616 4,732,424 523,192 15,165,004 0
中部 3,082,852 3,054,283 2,507,747 2,206,987 300,760 8,644,882 448
北陸 554,906 794,374 750,199 682,483 67,716 2,099,479 1,624
関西 3,022,858 2,958,085 2,884,525 2,622,596 261,929 8,865,468 5,159
中国 1,325,427 1,150,567 1,422,104 1,310,938 111,166 3,898,098 8,855
四国 362,549 719,830 721,700 639,598 82,102 1,804,079 4,539
九州 1,472,551 1,892,007 2,307,056 2,035,288 271,768 5,671,614 6,324
沖縄 92,714 168,584 177,871 157,634 20,237 439,169 373
全国計 16,469,835 18,909,002 18,945,315 16,922,842 2,022,473 54,324,152 31,8 14供給
区域特別高圧 高圧 低圧計
令和5年12月分みなし小売電気事業者  合計(単位：MWh）
合計 その他需要
※８ みなし小売電気事業者の旧供給区域外における販売実績を含む。 
 
                       
 
 
4 
 
【表４】  旧供給区域における販売電力量（低圧）に占め る自由料金メニューの割合 
供給区域 北海道 東北
電灯 電力 電灯 電力
409,539 354,384 55,155 1,031,991 882,850 149,141693,433 563,801 129,632 1,370,516 1,280,476 90,040
1,102,972 918,185 184,787 2,402,507 2,163,326 239,181
62.9% 61.4% 70.2% 57.1% 59.2% 37.7%
東京 中部 北陸
電灯 電力 電灯 電力 電灯 電力
2,804,834 2,485,634 319,200 910,768 807,681 103,087 213,606 182,742 30, 864
5,263,575 4,907,092 356,483 2,285,394 2,042,106 243,288 589,128 544,65 8 44,470
8,068,409 7,392,726 675,683 3,196,162 2,849,787 346,375 802,734 727,40 0 75,334
65.2% 66.4% 52.8% 71.5% 71.7% 70.2% 73.4% 74.9% 59.0%
関西 中国 四国
電灯 電力 電灯 電力 電灯 電力
1,316,868 1,112,967 203,901 395,521 326,080 69,441 247,383 211,275 36,1 08
2,684,796 2,550,426 134,370 1,215,901 1,154,661 61,240 584,201 527,446 56,755
4,001,663 3,663,393 338,271 1,611,422 1,480,741 130,681 831,584 738,72 1 92,863
67.1% 69.6% 39.7% 75.5% 78.0% 46.9% 70.3% 71.4% 61.1%
九州 沖縄 合計
電灯 電力 電灯 電力 電灯 電力
913,518 719,065 194,453 96,387 96,387 - 8,340,415 7,179,065 1,161,350
1,838,684 1,717,120 121,564 86,796 86,796 - 16,612,423 15,374,581 1,237 ,842
2,752,202 2,436,185 316,017 183,183 183,183 - 24,952,837 22,553,645 2,3 99,192
66.8% 70.5% 38.5% 47.4% 47.4% - 66.6% 68.2% 51.6%規制料金
自由料金
合計
自由/合計供給種別 低圧計 低圧計
低圧計 低圧計
低圧計販売
電力量
(単位:MWh)
令和5年12月分低圧計
低圧計 低圧計 低圧計
低圧計 低圧計
 
 
【表５】  旧供給区域におけるみなし小売 電気事業者の販売電力量（低圧）に占める
自由料金メニューの割合 
供給区域 北海道電力 東北電力
電灯 電力 電灯 電力
409,539 354,384 55,155 1,031,991 882,850 149,141
480,274 363,110 117,164 995,467 933,360 62,107
889,813 717,494 172,319 2,027,458 1,816,210 211,248
54.0% 50.6% 68.0% 49.1% 51.4% 29.4%
東京電力 中部電力 北陸電力
電灯 電力 電灯 電力 電灯 電力
2,804,834 2,485,634 319,200 910,768 807,681 103,087 213,606 182,742 30, 864
2,429,332 2,226,996 202,336 1,590,685 1,393,416 197,269 536,437 499,60 4 36,833
5,234,166 4,712,630 521,536 2,501,453 2,201,097 300,356 750,043 682,34 6 67,697
46.4% 47.3% 38.8% 63.6% 63.3% 65.7% 71.5% 73.2% 54.4%
関西電力 中国電力 四国電力
電灯 電力 電灯 電力 電灯 電力
1,316,868 1,112,967 203,901 395,521 326,080 69,441 247,383 211,275 36,1 08
1,552,219 1,496,196 56,023 1,024,244 982,594 41,650 473,124 427,225 45, 899
2,869,087 2,609,163 259,924 1,419,765 1,308,674 111,091 720,507 638,50 0 82,007
54.1% 57.3% 21.6% 72.1% 75.1% 37.5% 65.7% 66.9% 56.0%
九州電力 沖縄電力 合計
電灯 電力 電灯 電力 電灯 電力
913,518 719,065 194,453 96,387 96,387 - 8,340,415 7,179,065 1,161,350
1,392,614 1,315,373 77,241 61,247 61,247 - 10,535,643 9,699,121 836,522
2,306,132 2,034,438 271,694 157,634 157,634 - 18,876,058 16,878,186 1,9 97,872
60.4% 64.7% 28.4% 38.9% 38.9% - 55.8% 57.5% 41.9%低圧計 低圧計 低圧計供給種別 低圧計 低圧計
低圧計 低圧計 低圧計販売
電力量
(単位:MWh)規制料金
自由料金
合計
自由/合計
低圧計 低圧計 低圧計
令和5年12月分  
                       
 
 
5 
 
（２）販売額について 
今月分の販売額の実績については、表６から表９に示しており、各表の意義は以
下のとおりです。  
表６：全小売電気事業者の販売額の合計値（電圧種別／エリア別） 表７：新電力の販売額の合計値（電圧種別／全国） 
（あわせて、電圧種別の販売額（全国）に占める新電力の販売額の割合も 記載。） 
表８：みなし小売電気事業者の販売額の合計値（電圧種別／全国） 表９：旧供給区域において、みなし小売電気事業者の販売額（低圧）に占める 
自由料金メニューの割合（全国）  
 
【表６】  全小売電気事業者の販売額（電圧種別／エリア別） 
電灯 電力
北海道 5,689,136 27,473,551 31,997,696 27,018,478 4,979,218 65,160,382
東北 34,159,482 62,679,629 64,537,989 56,776,564 7,761,425 161,377,100
東京 104,826,042 154,085,680 222,517,055 200,766,923 21,750,131 481,428,7 77
中部 53,396,564 70,903,698 80,094,217 69,976,982 10,117,235 204,394,478
北陸 11,041,909 20,075,611 19,624,319 17,067,692 2,556,628 50,741,839
関西 52,526,637 64,670,462 91,938,641 82,402,268 9,536,373 209,135,740
中国 27,687,067 31,941,530 40,165,341 36,051,785 4,113,556 99,793,937
四国 6,479,709 16,344,638 20,410,232 17,512,634 2,897,598 43,234,580
九州 23,030,006 39,314,739 60,541,787 52,294,934 8,246,853 122,886,532
沖縄 2,112,623 4,282,324 5,459,195 4,683,590 775,605 11,854,142
全国計 320,949,175 491,771,861 637,286,472 564,551,849 72,734,622 1,450,007 ,508供給
区域特別高圧 高圧 低圧計 合計販売額　合計（単位：千円）
令和5年12月分 
 
【表７】  新電力の販売額及び割合（電圧種別／全国） 
電灯 電力
全国 19,965,943 95,119,276 172,029,255 158,923,372 13,105,882 287,114,474
新電力/全体 6.2% 19.3% 27.0% 28.2% 18.0% 19.8%
令和5年12月分合計 供給区域 特別高圧新電力　合計（単位：千円）
高圧 低圧計
 
 
【表８】  みなし小売電気事業者の販売額（電圧種別／全国） 
電灯 電力
全国 300,983,232 396,652,585 465,257,217 405,628,477 59,628,740 1,162,893 ,034合計
令和5年12月分供給区域 特別高圧 高圧 低圧計みなし小売電気事業者　合計（単位：千円）
※９ みなし小売電気事業者の旧供給区域外における販売実績を含む。 
                       
 
 
6 
 
【表９】  旧供給区域におけるみなし小売 電気事業者の販売額（低圧）に占める自由
料金メニューの割合（全国） 
低圧電灯 低圧電力
規制料金 220,648,135 182,467,518 38,180,617
自由料金 242,647,423 222,000,283 20,647,140
合計 463,295,558 404,467,801 58,827,757
自由/合計 52.4% 54.9% 35.1%
令和5年12月分全国合計
供給種別 低圧計
販売額
（単位：千円）
※１０ 沖縄の低圧電力を除く。 
 
 
（３）契約口数について 
今月分の契約口数の実績については、表１０から表１３に示しており、各表の意義
は以下のとおりです。 
 
表１０：全小売電気事業者の契約口数の合計値（電圧種別／エリア別） 表１１：新電力の契約口数の合計値（電圧種別／全国） 
    （ あ わ せ て 、 電 圧 種別の契約口数（全国）に占める新電力の契約口数の 
割合も記載。） 
表１２：みなし小売電気事業者の契約口数の合計値（電圧種別／全国） 表１３：旧供給区域において、みなし小売電気事業者の契約口数（低圧）に 
占める自由料金メニューの割合（全国） 
  
【表１０】   全小売電気事業者の契約口数（電圧種別／エリア別） 
電灯 電力
北海道 288 39,866 3,989,600 3,679,798 309,802 4,029,754
東北 1,059 84,845 7,883,713 7,191,343 692,370 7,969,617
東京 4,259 259,637 31,288,198 29,608,907 1,679,291 31,552,094
中部 1,494 122,371 11,049,805 10,219,543 830,262 11,173,670
北陸 232 25,155 2,168,613 1,986,322 182,291 2,194,000
関西 2,223 132,296 14,294,070 13,420,674 873,396 14,428,589
中国 773 56,663 5,378,750 5,031,188 347,562 5,436,186
四国 203 31,302 2,841,426 2,584,875 256,551 2,872,931
九州 902 82,930 9,138,302 8,407,827 730,475 9,222,134
沖縄 104 5,907 887,887 842,595 45,292 893,898
全国計 11,537 840,972 88,920,364 82,973,072 5,947,292 89,772,873合計供給
区域特別高圧 高圧 低圧計
令和5年12月分契約口数　合計（単位：件）
 
                       
 
 
7 
 
【表１１】   新電力の契約口数及び割合（電圧種別／全国） 
電灯 電力
全国 1,514 175,578 19,598,055 18,737,206 860,849 19,775,147
新電力/全体 13.1% 20.9% 22.0% 22.6% 14.5% 22.0%
令和5年12月分新電力　合計（単位：件）
合計 供給区域 特別高圧 高圧 低圧計
 
 
 
【表１２】   みなし小売電気事業 者の契約口数（電圧種別／全国） 
電灯 電力
全国 10,023 665,394 69,322,309 64,235,866 5,086,443 69,997,726低圧計 供給区域 特別高圧 高圧みなし小売電気事業者　合計（単位：件）
令和5年12月分合計
※１１ みなし小売電気事業者の旧供給区域外における販売実績を含む。  
 
 
【表１３】 旧供給区域におけるみなし小売電気事業者の契約口数（低圧）に占める  
自由料金メニューの割合（全国） 
低圧電灯 低圧電力
規制料金 46,395,608 42,967,460 3,428,148
自由料金 22,700,059 21,086,842 1,613,217
合計 69,095,667 64,054,302 5,041,365
自由/合計 32.9% 32.9% 32.0%
令和5年12月分全国合計
供給種別 低圧計
契約口数
（単位：件）
※１２ 沖縄の低圧電力を除く。 
 
 
（４）スイッチングの状況（低圧）について 
今月分のスイッチングの状況（低圧）の実績については、表１４及び表１５に示して
おり、各表の意義は以下のとおりです。  
表１４：低圧の契約のうち、みなし小売電気事業者から新電力等（域外に供給 
しているみなし小売電気事業者を含む。）への変更など、月間のスイッチ ング件数（エリア別） 
表１５：表１４について、平成２８年４月以降の数値を累積したもの（エリア別） 
 
                       
 
 
8 
 
【表１４】 小売電気事業者の月間スイッチング実績（エリア別） 
          （単位：件） 
変更内容みなし小売電気事業
者から新電力等
への変更新電力等から
みなし小売電気事業
者への変更新電力等から
新電力等への変更月間スイッチング
件数合計みなし小売電気事業
者の規制料金から自由料金への変更
北海道
3,229 2,232 1,177 6,638 2,164
東北 4,321 1,210 3,943 9,474 4,426
東京 16,752 10,207 134,096 161,055 5,138
中部 9,865 3,356 4,938 18,159 12,446
北陸 872 136 671 1,679 1,298
関西 6,034 19,568 6,028 31,630 2,205
中国 3,579 1,054 1,328 5,961 1,951
四国 1,212 456 1,634 3,302 2,865
九州 3,537 2,046 2,456 8,039 947
沖縄 80 115 11 206 2,790
合計 49,481 40,380 156,282 246,143 36,230
令和5年12月分 
 
 
【表１５】 小売電気事業者の累積スイッチング実績（エリア別／平成２８年４月以降） 
（単位：件） 
変更内容みなし小売電気事業
者から新電力等
への変更新電力等から
みなし小売電気事業
者への変更新電力等から
新電力等への変更スイッチング
件数合計みなし小売電気事業者
の規制料金から自由料
金への変更
北海道 910,093 178,853 194,380 1,283,326 287,769
東北 1,186,653 145,125 290,510 1,622,288 702,434
東京 9,842,244 1,020,139 2,834,179 13,696,562 2,567,810
中部 2,411,620 311,535 440,720 3,163,875 1,964,875
北陸 141,636 29,529 31,049 202,214 403,669
関西 4,041,906 759,539 940,213 5,741,658 2,017,917
中国 667,923 120,143 137,590 925,656 714,728
四国 408,828 69,751 98,897 577,476 393,411
九州 1,554,581 271,909 282,925 2,109,415 939,039
沖縄 117,940 16,354 7,812 142,106 192,005
合計 21,283,424 2,922,877 5,258,275 29,464,576 10,183,657
令和5年12月分 
※１３ 電力広域的運営推進機関から公表されている平成２８年４月以降の累積スイッチング件数との
数値の相違は、①電力広域的運営推進機関の情報には高圧のスイッチング件数が含まれるこ
と、②同機関へのスイッチング申請を行った後、実際にスイッチングが行われるまでに２～３週間程度のタイムラグが存在していること等による。 
 
  
 
  （本発表資料のお問い合わせ先） 
  電力・ガス取引監視等委員会事務局 
取引監視課長  下津 
担当者：安原、野崎、野村、髙森 電 話： 03-3501-1552（直通）
 
